run,lumi,evtid 
1,1790,328059
1,1791,328222
1,1791,328235
1,1791,328242
1,1791,328253
1,1791,328270
1,1791,328290
1,1791,328376
1,1791,328386
1,2545,466487
1,2545,466537
1,2546,466735
1,2546,466769
1,2546,466765
1,2547,466924
1,2547,466986
1,1783,326797
1,1784,326912
1,1784,326986
1,1784,327020
1,1785,327102
1,1785,327217
1,1785,327271
1,1785,327298
1,1787,327531
1,1787,327538
1,1787,327560
1,1788,327746
1,1820,333536
1,1820,333583
1,1820,333681
1,1820,333700
1,1821,333769
1,1822,333941
1,1822,334049
1,1823,334158
1,1823,334297
1,1824,334362
1,1824,334383
1,2137,391602
1,2137,391634
1,2137,391741
1,2137,391796
1,2138,391985
1,2139,392106
1,2139,392181
1,2140,392221
1,2140,392297
1,2140,392365
1,2141,392505
1,2141,392584
1,2149,393807
1,2149,393898
1,2150,394080
1,2150,394077
1,2150,394087
1,2151,394320
1,2152,394404
1,2152,394457
1,2152,394486
1,2152,394548
1,2153,394628
1,2153,394631
1,2153,394683
1,2153,394702
1,2263,414710
1,2263,414729
1,2263,414848
1,2264,414934
1,2264,414964
1,2266,415409
1,2267,415522
1,2268,415729
1,2347,430279
1,2348,430366
1,2348,430434
1,2348,430485
1,2349,430511
1,2022,370605
1,2022,370622
1,1912,350468
1,1912,350496
1,1912,350538
1,1913,350686
1,1914,350813
1,1914,350840
1,1777,325612
1,1777,325640
1,1778,325805
1,1778,325821
1,1778,325835
1,1778,325839
1,1778,325856
1,1778,325902
1,1778,325956
1,1778,325966
1,1778,325984
1,1779,326025
1,1779,326039
1,1779,326121
1,1780,326267
1,1780,326296
1,1780,326333
1,1781,326408
1,1781,326492
1,1782,326644
1,1782,326697
1,2366,433648
1,2366,433672
1,2366,433783
1,2366,433796
1,2367,433848
1,2367,433907
1,2368,434148
1,2369,434208
1,2369,434273
1,2369,434296
1,2369,434328
1,2370,434464
1,2389,437868
1,2389,437933
1,2389,437970
1,2389,437972
1,2390,438059
1,2391,438248
1,2391,438319
1,2391,438317
1,2392,438506
1,2392,438589
1,2407,441129
1,2407,441263
1,2407,441290
1,2408,441350
1,2408,441362
1,2408,441393
1,2408,441434
1,2408,441474
1,2409,441594
1,2409,441603
1,2410,441859
1,2410,441864
1,2411,442065
1,2412,442117
1,2412,442133
1,2533,464397
1,2534,464523
1,2534,464530
1,2534,464532
1,2534,464537
1,2535,464677
1,2536,464836
1,2536,464879
1,2536,464932
1,2537,465189
1,2587,474113
1,2587,474191
1,2587,474190
1,2587,474262
1,2588,474323
1,2588,474434
1,2588,474461
1,2588,474468
1,2588,474482
1,2588,474478
1,2589,474507
1,2589,474520
1,2589,474536
1,2589,474602
1,2590,474739
1,2590,474762
1,2590,474811
1,2590,474851
1,2591,474934
1,2591,474950
1,2591,474971
1,2591,475046
1,2592,475130
1,2592,475182
1,2720,498510
1,2720,498567
1,2720,498662
1,2721,498704
1,2721,498793
1,2721,498794
1,2721,498894
1,2722,498946
1,2722,498997
1,2047,375111
1,2047,375218
1,2047,375297
1,2047,375298
1,2549,467272
1,2549,467339
1,2550,467411
1,2077,380710
1,2077,380748
1,2077,380752
1,2078,380849
1,2078,380909
1,2079,381069
1,2079,381079
1,2079,381123
1,2143,392708
1,2143,392794
1,2143,392805
1,2143,392876
1,2144,392909
1,2144,393058
1,2146,393341
1,2146,393364
1,2147,393567
1,2147,393596
1,2419,443484
1,2420,443501
1,2420,443540
1,2420,443570
1,2420,443630
1,2421,443851
1,2491,456537
1,2491,456651
1,2492,456733
1,2492,456726
1,2492,456749
1,2493,457003
1,2493,457035
1,2494,457104
1,2494,457107
1,2494,457130
1,2494,457148
1,2494,457288
1,2495,457493
1,2503,458783
1,2503,458779
1,2503,458807
1,2504,458965
1,2504,458966
1,2505,459228
1,2505,459229
1,2505,459290
1,2506,459340
1,2507,459510
1,2507,459519
1,2507,459662
1,2508,459745
1,2521,462127
1,2521,462107
1,2521,462195
1,2522,462275
1,2522,462317
1,2522,462346
1,2523,462573
1,2524,462636
1,2524,462716
1,2524,462792
1,2525,462836
1,2525,462882
1,2525,462936
1,2525,462995
1,2600,476640
1,2600,476625
1,2600,476653
1,2601,476724
1,2601,476879
1,2602,476921
1,2602,476918
1,2602,476917
1,2603,477117
1,2603,477187
1,2603,477212
1,2603,477236
1,2133,391092
1,2350,430747
1,2350,430868
1,2350,430891
1,2352,431129
1,2352,431170
1,2431,445654
1,2435,446322
1,2435,446433
1,2435,446499
1,2436,446564
1,2436,446581
1,2449,448815
1,2449,448877
1,2449,448946
1,2449,448957
1,2449,448989
1,2449,448984
1,2449,448991
1,2450,449001
1,2450,449095
1,2451,449283
1,2451,449271
1,2452,449468
1,2452,449523
1,2452,449583
1,2453,449705
1,2453,449764
1,2454,449866
1,2454,449873
1,2623,480795
1,2623,480842
1,2624,480914
1,2624,480949
1,2624,481009
1,2625,481155
1,2625,481173
1,2625,481240
1,2626,481458
1,2627,481572
1,2627,481619
1,2627,481637
1,2627,481663
1,2628,481762
1,2423,444104
1,2423,444180
1,2423,444211
1,2423,444227
1,2424,444312
1,2424,444352
1,2424,444369
1,2425,444480
1,2425,444509
1,2426,444724
1,2428,445143
1,2429,445238
1,2429,445362
1,2429,445360
1,2429,445376
1,2430,445450
1,2557,468727
1,2557,468759
1,2557,468776
1,2557,468794
1,2558,468964
1,2559,469028
1,2559,469148
1,2584,473620
1,2584,473625
1,2584,473670
1,2584,473691
1,2584,473703
1,2584,473776
1,2585,473910
1,2586,474012
1,2586,474048
1,2593,475218
1,2593,475240
1,2593,475324
1,2594,475439
1,2594,475588
1,2594,475582
1,2595,475675
1,2595,475782
1,2596,475864
1,2597,476074
1,2597,476118
1,2598,476243
1,2618,479804
1,2618,479928
1,2619,480061
1,2619,480126
1,2619,480163
1,2620,480229
1,2620,480254
1,2620,480369
1,2620,480389
1,2621,480412
1,2621,480407
1,2621,480479
1,2621,480486
1,2621,480588
1,2621,480598
1,2622,480683
1,2655,486731
1,2655,486733
1,2655,486781
1,51,9382
1,52,9474
1,52,9497
1,54,9879
1,67,12138
1,67,12297
1,68,12316
1,68,12424
1,69,12550
1,69,12573
1,70,12812
1,70,12880
1,71,12913
1,71,12933
1,72,13169
1,73,13384
1,73,13383
1,74,13489
1,75,13604
1,75,13661
1,75,13779
1,75,13783
1,76,13882
1,76,13878
1,77,14052
1,77,14094
1,77,14194
1,78,14238
1,79,14386
1,79,14415
1,79,14481
1,80,14516
1,80,14586
1,80,14633
1,81,14731
1,81,14852
1,83,15145
1,85,15436
1,85,15490
1,85,15527
1,85,15569
1,85,15600
1,86,15660
1,86,15689
1,87,15856
1,88,16016
1,88,16051
1,88,16095
1,88,16177
1,89,16206
1,89,16246
1,89,16306
1,89,16360
1,90,16410
1,90,16403
1,90,16481
1,205,37446
1,206,37607
1,206,37628
1,206,37641
1,206,37689
1,207,37840
1,207,37940
1,208,38032
1,209,38335
1,209,38359
1,217,39606
1,217,39659
1,217,39684
1,219,40040
1,219,40081
1,219,40089
1,219,40094
1,219,40092
1,219,40180
1,148,27137
1,149,27206
1,149,27203
1,149,27262
1,149,27310
1,151,27515
1,151,27602
1,151,27601
1,151,27626
1,151,27694
1,152,27783
1,152,27864
1,153,27971
1,153,28080
1,154,28172
1,154,28230
1,154,28254
1,154,28248
1,154,28296
1,155,28360
1,155,28401
1,156,28553
1,157,28715
1,157,28763
1,158,28829
1,158,28833
1,158,28839
1,158,28873
1,158,28872
1,158,28931
1,158,28940
1,158,28989
1,160,29207
1,161,29476
1,162,29631
1,162,29675
1,164,30013
1,164,30032
1,164,30051
1,165,30130
1,165,30144
1,165,30151
1,165,30195
1,165,30229
1,165,30270
1,165,30281
1,165,30282
1,166,30356
1,166,30408
1,167,30550
1,168,30724
1,175,31999
1,175,32003
1,175,32016
1,175,32070
1,175,32082
1,176,32110
1,176,32254
1,177,32320
1,177,32384
1,178,32543
1,178,32589
1,178,32591
1,178,32643
1,178,32693
1,179,32736
1,179,32750
1,179,32794
1,179,32848
1,180,32944
1,180,32933
1,180,32963
1,180,32977
1,182,33204
1,182,33299
1,182,33297
1,183,33422
1,183,33471
1,183,33467
1,183,33521
1,183,33540
1,183,33581
1,184,33732
1,185,33839
1,185,33936
1,185,33939
1,185,33983
1,187,34189
1,188,34356
1,189,34562
1,191,34930
1,210,38499
1,169,30951
1,170,31089
1,171,31228
1,171,31235
1,171,31256
1,171,31280
1,172,31451
1,173,31673
1,174,31808
1,174,31812
1,433,79228
1,433,79297
1,435,79642
1,435,79777
1,436,79805
1,436,79985
1,907,166188
1,907,166208
1,907,166275
1,908,166488
1,909,166618
1,910,166765
1,910,166797
1,911,166974
1,911,167049
1,911,167073
1,911,167089
1,911,167063
1,912,167161
1,925,169585
1,926,169776
1,927,169857
1,927,169945
1,929,170246
1,929,170284
1,929,170304
1,929,170336
1,929,170352
1,929,170381
1,930,170442
1,949,173826
1,949,173936
1,949,173974
1,950,174068
1,951,174210
1,951,174273
1,952,174411
1,953,174603
1,953,174641
1,953,174704
1,953,174740
1,954,174857
1,991,181541
1,991,181602
1,993,181913
1,994,182143
1,994,182178
1,994,182238
1,994,182298
1,995,182386
1,1024,187614
1,1024,187795
1,1025,187825
1,1025,187908
1,1025,187917
1,1026,188039
1,229,41924
1,229,41991
1,230,42132
1,230,42136
1,231,42238
1,231,42304
1,231,42343
1,232,42406
1,232,42405
1,232,42530
1,232,42547
1,233,42610
1,234,42805
1,234,42838
1,234,42863
1,2083,381706
1,2083,381765
1,2083,381845
1,2084,381972
1,2084,382075
1,2086,382327
1,2086,382360
1,2086,382405
1,2086,382420
1,2087,382511
1,2087,382508
1,2087,382531
1,2087,382566
1,2174,398545
1,2174,398597
1,2176,398830
1,2176,398840
1,2176,398849
1,2176,398918
1,2176,398980
1,2177,399002
1,2177,399070
1,2177,399094
1,2177,399102
1,2177,399113
1,2177,399150
1,2178,399231
1,2178,399247
1,2178,399299
1,2287,419162
1,2287,419257
1,2288,419337
1,2288,419486
1,2289,419564
1,2289,419669
1,2289,419671
1,2290,419725
1,2290,419880
1,2291,420008
1,2291,420038
1,2291,420071
1,2292,420154
1,2527,463197
1,2527,463189
1,2528,463409
1,2528,463430
1,2529,463535
1,2529,463678
1,2529,463682
1,2530,463726
1,2531,463916
1,2531,464038
1,2531,464060
1,2532,464108
1,2532,464107
1,2540,465539
1,2540,465587
1,2540,465670
1,2541,465883
1,2542,466012
1,2543,466141
1,2543,466229
1,2543,466255
1,2543,466282
1,2544,466379
1,2702,495266
1,2702,495356
1,2702,495390
1,2703,495475
1,2703,495535
1,2703,495582
1,268,49013
1,268,49058
1,268,49148
1,269,49238
1,269,49245
1,269,49268
1,269,49385
1,270,49479
1,272,49734
1,273,49958
1,273,49970
1,273,49982
1,273,50003
1,273,50051
1,274,50226
1,275,50341
1,275,50405
1,275,50488
1,276,50533
1,276,50522
1,276,50513
1,276,50546
1,277,50641
1,277,50692
1,277,50734
1,277,50799
1,278,50940
1,279,51010
1,279,51046
1,279,51068
1,279,51129
1,279,51174
1,279,51172
1,281,51414
1,281,51472
1,281,51596
1,283,51782
1,285,52172
1,287,52596
1,287,52678
1,288,52731
1,288,52767
1,288,52776
1,325,59455
1,325,59476
1,325,59515
1,325,59530
1,326,59661
1,327,59824
1,327,59907
1,328,60059
1,328,60070
1,329,60381
1,367,67108
1,367,67193
1,367,67298
1,369,67514
1,369,67569
1,369,67650
1,369,67665
1,370,67718
1,370,67823
1,371,67939
1,371,68036
1,372,68160
1,372,68174
1,373,68215
1,373,68278
1,373,68354
1,374,68441
1,374,68459
1,375,68708
1,375,68736
1,375,68792
1,376,68815
1,377,69060
1,377,69063
1,377,69065
1,377,69177
1,378,69261
1,301,55084
1,301,55082
1,301,55133
1,301,55134
1,301,55154
1,301,55182
1,302,55221
1,302,55328
1,302,55339
1,302,55371
1,303,55419
1,304,55626
1,304,55643
1,304,55703
1,304,55763
1,304,55780
1,305,55919
1,306,56090
1,307,56125
1,307,56166
1,308,56470
1,308,56491
1,309,56506
1,309,56529
1,309,56552
1,309,56675
1,310,56837
1,310,56858
1,310,56885
1,312,57109
1,312,57104
1,313,57203
1,313,57222
1,313,57284
1,314,57430
1,314,57550
1,316,57867
1,316,57891
1,317,58052
1,317,58154
1,318,58213
1,319,58326
1,319,58442
1,320,58609
1,320,58700
1,321,58746
1,321,58768
1,321,58774
1,322,58912
1,322,58992
1,323,59131
1,324,59373
1,445,81405
1,445,81534
1,446,81614
1,446,81692
1,449,82220
1,449,82341
1,523,95752
1,524,95904
1,524,95980
1,525,96188
1,525,96194
1,525,96204
1,525,96265
1,526,96431
1,526,96480
1,527,96665
1,528,96735
1,528,96744
1,565,103530
1,565,103552
1,566,103614
1,566,103631
1,566,103663
1,566,103684
1,566,103700
1,566,103737
1,567,103813
1,567,103829
1,567,103840
1,567,103862
1,567,103837
1,567,103898
1,567,103954
1,567,103953
1,567,103964
1,567,103993
1,447,81843
1,447,81866
1,447,81983
1,447,81999
1,379,69333
1,379,69342
1,379,69407
1,381,69728
1,381,69825
1,381,69838
1,381,69872
1,384,70328
1,385,70419
1,385,70446
1,386,70672
1,387,70843
1,387,70836
1,387,70936
1,388,71012
1,388,71083
1,388,71108
1,388,71135
1,388,71160
1,389,71232
1,389,71269
1,390,71458
1,397,72683
1,397,72692
1,397,72698
1,397,72764
1,397,72765
1,398,72802
1,398,72874
1,398,72866
1,398,72919
1,399,73133
1,400,73203
1,400,73364
1,401,73415
1,401,73477
1,401,73543
1,401,73530
1,402,73604
1,402,73685
1,415,75939
1,415,76020
1,416,76119
1,416,76291
1,417,76386
1,417,76449
1,417,76469
1,417,76486
1,418,76535
1,418,76545
1,418,76579
1,418,76595
1,419,76898
1,420,76957
1,421,77059
1,421,77108
1,422,77315
1,422,77385
1,423,77445
1,423,77431
1,423,77451
1,423,77491
1,423,77532
1,423,77547
1,424,77692
1,424,77734
1,424,77782
1,425,77831
1,425,77838
1,425,77943
1,425,77983
1,427,78116
1,427,78187
1,428,78309
1,428,78332
1,428,78344
1,428,78358
1,430,78807
1,431,78924
1,431,79005
1,431,79019
1,432,79148
1,432,79149
1,432,79163
1,439,80329
1,439,80419
1,439,80432
1,382,70070
1,383,70158
1,383,70196
1,383,70200
1,442,80907
1,442,80972
1,505,92442
1,505,92493
1,505,92525
1,505,92584
1,506,92713
1,506,92784
1,506,92786
1,507,92838
1,507,92964
1,508,93016
1,508,93061
1,508,93093
1,508,93117
1,508,93133
1,508,93135
1,508,93170
1,508,93188
1,509,93300
1,509,93308
1,512,93844
1,513,93901
1,513,93913
1,513,94080
1,513,94068
1,513,94083
1,513,94096
1,514,94260
1,515,94301
1,515,94382
1,515,94471
1,516,94542
1,516,94541
1,517,94603
1,517,94722
1,517,94724
1,517,94747
1,518,94806
1,518,94979
1,519,95065
1,520,95229
1,520,95310
1,520,95342
1,521,95405
1,521,95483
1,522,95633
1,522,95683
1,535,97923
1,535,98040
1,536,98127
1,536,98189
1,536,98205
1,536,98211
1,536,98232
1,537,98316
1,537,98488
1,538,98571
1,538,98626
1,538,98671
1,539,98787
1,539,98837
1,539,98843
1,539,98855
1,539,98896
1,542,99293
1,542,99388
1,543,99471
1,543,99559
1,544,99608
1,544,99654
1,544,99781
1,545,99819
1,545,99831
1,545,99987
1,546,100009
1,553,101240
1,553,101249
1,554,101426
1,554,101472
1,554,101489
1,554,101534
1,555,101676
1,555,101763
1,556,101973
1,557,102060
1,557,102183
1,558,102267
1,558,102284
1,510,93448
1,568,104034
1,568,104032
1,568,104064
1,568,104083
1,569,104275
1,569,104299
1,577,105721
1,577,105773
1,577,105774
1,577,105789
1,577,105799
1,578,105842
1,578,105884
1,579,106112
1,579,106139
1,580,106218
1,580,106271
1,580,106313
1,580,106333
1,581,106513
1,595,108977
1,595,109023
1,596,109229
1,596,109246
1,597,109303
1,597,109483
1,597,109486
1,598,109501
1,599,109746
1,599,109837
1,601,110053
1,601,110080
1,602,110248
1,602,110330
1,603,110412
1,603,110439
1,603,110502
1,604,110673
1,604,110726
1,604,110737
1,604,110786
1,605,110823
1,605,110840
1,605,110983
1,606,111018
1,606,111046
1,606,111091
1,625,114474
1,625,114473
1,627,114972
1,628,115088
1,628,115099
1,628,115120
1,628,115161
1,629,115367
1,631,115503
1,631,115515
1,631,115684
1,631,115698
1,632,115798
1,633,115915
1,633,116049
1,633,116072
1,634,116124
1,634,116180
1,634,116168
1,634,116199
1,643,117753
1,644,117940
1,645,118185
1,645,118253
1,645,118272
1,646,118413
1,646,118481
1,647,118504
1,647,118644
1,647,118653
1,2003,367204
1,619,113412
1,619,113415
1,619,113490
1,620,113591
1,621,113725
1,622,113955
1,622,114002
1,622,114009
1,622,114011
1,623,114267
1,1975,361994
1,1975,362084
1,1976,362124
1,1976,362175
1,1976,362197
1,1976,362233
1,1977,362310
1,1977,362398
1,1978,362600
1,1979,362766
1,1979,362806
1,1980,362933
1,2102,385248
1,2102,385358
1,2103,385421
1,2103,385479
1,2104,385615
1,2104,385645
1,2105,385993
1,2119,388337
1,2120,388543
1,2120,388550
1,2120,388578
1,2120,388678
1,2121,388766
1,2121,388807
1,2122,388909
1,2122,389023
1,2122,389034
1,2122,389077
1,2122,389064
1,2123,389156
1,2124,389335
1,2124,389384
1,2124,389395
1,2234,409489
1,2234,409539
1,2235,409682
1,2236,409983
1,2237,410010
1,2237,410013
1,2237,410090
1,2237,410140
1,2238,410230
1,1729,316825
1,1729,316911
1,1731,317282
1,1732,317433
1,1732,317441
1,1733,317657
1,1734,317802
1,1734,317841
1,1381,253085
1,1381,253111
1,1381,253116
1,1381,253122
1,1381,253146
1,1382,253232
1,1382,253273
1,1382,253276
1,1382,253382
1,1383,253433
1,1384,253669
1,1384,253724
1,1384,253788
1,1384,253782
1,1385,253843
1,1385,253907
1,1386,254097
1,1603,293733
1,1603,293805
1,1603,293842
1,1604,293975
1,1605,294136
1,1605,294245
1,1605,294295
1,1606,294381
1,1606,294394
1,1606,294492
1,1607,294673
1,1615,295915
1,1615,295941
1,1616,296119
1,1616,296111
1,1616,296167
1,1616,296184
1,1616,296214
1,1618,296533
1,1618,296539
1,1619,296721
1,1619,296740
1,1619,296830
1,1619,296836
1,1619,296865
1,1619,296867
1,1619,296892
1,1620,296984
1,1675,307057
1,1675,307069
1,1676,307151
1,1676,307148
1,1676,307164
1,1676,307207
1,1676,307292
1,1677,307309
1,1677,307397
1,1677,307450
1,1679,307740
1,1679,307802
1,1679,307860
1,1680,307930
1,1680,307955
1,1711,313505
1,1712,313788
1,1713,313914
1,1713,314021
1,1714,314143
1,1714,314221
1,1714,314286
1,1715,314401
1,1716,314593
1,1717,314618
1,1718,314859
1,1718,314926
1,1719,315177
1,1720,315230
1,1720,315256
1,1720,315318
1,1720,315356
1,1720,315377
1,1721,315525
1,1721,315545
1,1721,315565
1,1722,315610
1,1765,323482
1,1765,323539
1,1765,323545
1,1767,323880
1,1767,323953
1,1766,323673
1,1766,323748
1,1766,323774
1,985,180407
1,985,180454
1,985,180525
1,986,180648
1,986,180651
1,986,180684
1,986,180709
1,986,180740
1,987,180901
1,987,180916
1,987,180929
1,987,180939
1,987,180978
1,988,181182
1,988,181186
1,989,181204
1,989,181308
1,989,181341
1,989,181383
1,1136,208123
1,1136,208156
1,1137,208336
1,1137,208360
1,1137,208386
1,1138,208550
1,1138,208619
1,1138,208683
1,1138,208699
1,1139,208891
1,1140,208969
1,1585,290425
1,1585,290455
1,1585,290523
1,1586,290682
1,1587,290967
1,1588,291115
1,1588,291160
1,1589,291245
1,1589,291250
1,1589,291276
1,1609,294814
1,1609,294904
1,1609,294922
1,1609,294933
1,1609,294935
1,1609,294944
1,1609,294997
1,1609,294995
1,1610,295017
1,1611,295308
1,1611,295337
1,1612,295560
1,1613,295664
1,1614,295802
1,1614,295837
1,1657,303628
1,1657,303638
1,1658,303891
1,1658,303910
1,1658,303946
1,1658,303993
1,1659,304032
1,1659,304060
1,1659,304109
1,1659,304166
1,1660,304251
1,1660,304281
1,1660,304297
1,1661,304462
1,1661,304496
1,1661,304551
1,1669,305869
1,1670,306108
1,1670,306165
1,1670,306167
1,1670,306193
1,1671,306396
1,1672,306415
1,1672,306507
1,1672,306562
1,1673,306617
1,1673,306672
1,1674,306832
1,1735,317993
1,1736,318131
1,1736,318170
1,1736,318250
1,1737,318368
1,1146,210097
1,1915,351011
1,1915,351033
1,1916,351116
1,1916,351125
1,1916,351213
1,1916,351270
1,1917,351400
1,1917,351495
1,1918,351517
1,1918,351528
1,1918,351587
1,1918,351622
1,1969,360932
1,1969,360987
1,1970,361072
1,1970,361119
1,1970,361187
1,1971,361216
1,1971,361337
1,1971,361352
1,1971,361338
1,1972,361429
1,1972,361446
1,1972,361586
1,1973,361715
1,1987,364148
1,1987,364280
1,1989,364626
1,1989,364624
1,1990,364744
1,1990,364774
1,1990,364778
1,1990,364779
1,1990,364790
1,1991,364984
1,1991,364987
1,1991,365008
1,1991,365041
1,1992,365152
1,1992,365157
1,2023,370765
1,2023,370876
1,2024,370962
1,2024,371011
1,2024,371021
1,2024,371042
1,2025,371148
1,2025,371186
1,2025,371220
1,2025,371205
1,2026,371304
1,2026,371303
1,2026,371333
1,2026,371342
1,2026,371436
1,2026,371428
1,2026,371446
1,2026,371497
1,2027,371558
1,2028,371744
1,2028,371781
1,2113,387316
1,2113,387344
1,2114,387511
1,2114,387515
1,2114,387532
1,2114,387572
1,2116,387937
1,2116,387978
1,2117,388067
1,2118,388214
1,2118,388242
1,2118,388284
1,2317,424607
1,2317,424648
1,2317,424708
1,2318,424851
1,2318,424852
1,2318,424917
1,2318,424957
1,2318,424991
1,2319,425009
1,2319,425033
1,2319,425188
1,2321,425519
1,2321,425532
1,2322,425651
1,2377,435776
1,2377,435795
1,2378,435852
1,2378,435973
1,1738,318509
1,1738,318564
1,1738,318650
1,1738,318669
1,1739,318740
1,1739,318871
1,1740,318951
1,1831,335521
1,1831,335607
1,1831,335642
1,1831,335655
1,1833,335924
1,1833,335930
1,1833,336000
1,1834,336102
1,1834,336144
1,1834,336137
1,1834,336227
1,1834,336264
1,1835,336314
1,1835,336321
1,1835,336410
1,1835,336427
1,1835,336439
1,1835,336459
1,1836,336501
1,1836,336539
1,2107,386167
1,2108,386418
1,2109,386539
1,2109,386542
1,2109,386561
1,2110,386736
1,2110,386750
1,2110,386800
1,2110,386804
1,2110,386820
1,2111,386934
1,2111,386957
1,2111,387020
1,2111,387093
1,2111,387098
1,2112,387157
1,2112,387159
1,2203,403789
1,2203,403880
1,2204,403913
1,2204,403970
1,2204,404037
1,2204,404088
1,2205,404141
1,2205,404219
1,2206,404475
1,2207,404579
1,2207,404590
1,2207,404629
1,2208,404723
1,2208,404778
1,2208,404780
1,2227,408138
1,2227,408166
1,2227,408232
1,2228,408321
1,2229,408556
1,2229,408642
1,2229,408671
1,2230,408774
1,2230,408818
1,2230,408830
1,2230,408856
1,2230,408897
1,2231,408970
1,2232,409154
1,2275,416934
1,2275,416951
1,2276,417107
1,2276,417122
1,2276,417132
1,2276,417236
1,2277,417315
1,2277,417366
1,2277,417395
1,2277,417474
1,2278,417629
1,2278,417640
1,2279,417729
1,2440,447253
1,2441,447427
1,2441,447545
1,2441,447593
1,2442,447630
1,2442,447661
1,2669,489243
1,2669,489339
1,2707,496278
1,199,36494
1,200,36565
1,200,36574
1,201,36710
1,202,36959
1,202,37074
1,202,37089
1,203,37110
1,204,37363
1,289,52893
1,290,53019
1,290,53058
1,290,53160
1,290,53177
1,290,53176
1,290,53185
1,291,53316
1,291,53353
1,292,53581
1,293,53615
1,293,53656
1,293,53666
1,293,53720
1,294,53887
1,295,54007
1,295,54016
1,295,54022
1,296,54103
1,297,54330
1,297,54481
1,299,54750
1,299,54773
1,299,54813
1,299,54854
1,331,60520
1,331,60542
1,331,60562
1,331,60578
1,331,60610
1,331,60689
1,332,60771
1,333,60919
1,334,61208
1,335,61333
1,336,61545
1,337,61702
1,337,61759
1,337,61783
1,338,61838
1,338,61849
1,338,61890
1,338,61912
1,338,61955
1,339,62027
1,339,62037
1,340,62256
1,340,62313
1,340,62342
1,340,62329
1,341,62546
1,343,62778
1,343,62835
1,344,62954
1,344,62999
1,344,63007
1,344,63075
1,345,63138
1,345,63143
1,345,63238
1,345,63283
1,346,63351
1,346,63390
1,346,63399
1,346,63467
1,347,63506
1,347,63516
1,347,63689
1,352,64439
1,352,64519
1,352,64566
1,353,64602
1,353,64753
1,354,64832
1,354,64827
1,349,63919
1,349,63982
1,349,63991
1,350,64079
1,350,64114
1,350,64132
1,351,64215
1,355,64925
1,355,64937
1,355,64951
1,356,65185
1,356,65215
1,357,65364
1,357,65383
1,358,65546
1,358,65607
1,358,65603
1,358,65627
1,358,65636
1,359,65702
1,359,65720
1,359,65825
1,360,65931
1,361,66013
1,361,66062
1,361,66098
1,361,66183
1,362,66218
1,362,66345
1,363,66494
1,363,66568
1,363,66595
1,364,66776
1,365,66864
1,409,74820
1,409,74830
1,409,74943
1,409,74958
1,409,74978
1,410,75013
1,410,75036
1,410,75191
1,410,75196
1,411,75253
1,411,75282
1,412,75433
1,412,75462
1,412,75528
1,412,75600
1,413,75683
1,413,75707
1,413,75722
1,414,75815
1,451,82514
1,451,82561
1,453,82968
1,453,83037
1,453,83082
1,454,83116
1,454,83211
1,454,83218
1,456,83515
1,457,83602
1,457,83642
1,458,83810
1,458,83869
1,459,84049
1,459,84139
1,459,84146
1,460,84210
1,460,84249
1,460,84342
1,461,84541
1,462,84653
1,463,84706
1,463,84782
1,463,84809
1,463,84814
1,463,84830
1,464,85096
1,465,85227
1,468,85792
1,562,102921
1,562,102917
1,562,103083
1,563,103166
1,564,103344
1,811,148532
1,811,148535
1,812,148735
1,812,148823
1,812,148813
1,814,149130
1,815,149414
1,815,149423
1,815,149491
1,816,149527
1,847,155196
1,847,155280
1,847,155289
1,848,155338
1,849,155531
1,849,155551
1,849,155605
1,850,155709
1,850,155708
1,850,155731
1,850,155781
1,850,155775
1,851,155914
1,851,156001
1,851,156035
1,852,156113
1,852,156146
1,2725,499429
1,2725,499585
1,2726,499622
1,2727,499899
1,2727,499951
1,391,71516
1,391,71619
1,391,71625
1,391,71670
1,392,71783
1,392,71833
1,393,72041
1,394,72160
1,394,72161
1,394,72239
1,394,72242
1,394,72278
1,395,72334
1,396,72522
1,396,72570
1,919,168350
1,919,168406
1,919,168496
1,920,168560
1,920,168603
1,920,168649
1,920,168670
1,921,168771
1,921,168776
1,921,168779
1,921,168785
1,921,168851
1,921,168873
1,922,168912
1,922,168928
1,922,168931
1,922,168980
1,922,169037
1,922,169079
1,1213,222357
1,1214,222409
1,1214,222430
1,1214,222465
1,1214,222480
1,1214,222565
1,1214,222563
1,1215,222759
1,1216,222838
1,1217,223028
1,1218,223247
1,1218,223253
1,1218,223295
1,40,7208
1,40,7239
1,40,7349
1,40,7394
1,41,7478
1,41,7521
1,42,7655
1,42,7645
1,43,7780
1,43,7799
1,43,7864
1,44,7944
1,44,7951
1,44,8061
1,44,8100
1,45,8298
1,46,8337
1,46,8358
1,47,8504
1,47,8636
1,47,8698
1,48,8710
1,48,8748
1,48,8767
1,55,9945
1,56,10213
1,57,10365
1,57,10448
1,58,10538
1,58,10601
1,58,10637
1,58,10688
1,59,10719
1,59,10772
1,59,10822
1,60,10939
1,61,11016
1,61,11076
1,61,11128
1,62,11277
1,62,11307
1,62,11348
1,63,11455
1,63,11461
1,63,11469
1,63,11493
1,65,11854
1,65,11990
1,65,11981
1,66,12047
1,66,12059
1,91,16590
1,91,16630
1,91,16673
1,91,16687
1,92,16818
1,92,16815
1,92,16842
1,92,16854
1,93,16953
1,93,16956
1,93,16989
1,93,17098
1,94,17192
1,94,17247
1,94,17297
1,95,17317
1,95,17456
1,95,17495
1,98,17871
1,99,18013
1,99,18053
1,99,18095
1,101,18458
1,103,18792
1,103,18860
1,103,18894
1,104,18936
1,104,18966
1,104,19023
1,104,19070
1,105,19196
1,105,19233
1,105,19294
1,106,19306
1,106,19380
1,106,19470
1,107,19637
1,108,19736
1,211,38520
1,211,38587
1,211,38640
1,212,38810
1,212,38820
1,213,38914
1,213,39063
1,214,39201
1,214,39235
1,214,39238
1,214,39287
1,215,39426
1,216,39502
1,223,40788
1,223,40852
1,223,40838
1,224,40987
1,225,41275
1,226,41335
1,226,41363
1,226,41409
1,226,41437
1,226,41456
1,227,41613
1,227,41627
1,228,41714
1,655,119933
1,656,120151
1,656,120171
1,656,120210
1,657,120314
1,657,120355
1,657,120390
1,657,120495
1,658,120542
1,658,120602
1,658,120677
1,667,122154
1,667,122213
1,667,122222
1,667,122210
1,667,122242
1,668,122351
1,668,122497
1,670,122705
1,670,122722
1,670,122774
1,670,122806
1,670,122796
1,671,122905
1,671,122920
1,1903,348763
1,1903,348778
1,1904,348906
1,1904,348998
1,1906,349434
1,1906,349438
1,1906,349452
1,1907,349526
1,1907,349691
1,1957,358699
1,1957,358708
1,1957,358721
1,1957,358742
1,1958,358842
1,1958,358885
1,1958,358936
1,1959,359069
1,1959,359163
1,1960,359216
1,1960,359299
1,1960,359339
1,1961,359455
1,1961,359450
1,1961,359478
1,1961,359591
1,1961,359597
1,1962,359663
1,1984,363688
1,1985,363818
1,1985,363846
1,2614,479103
1,2615,479311
1,2615,479468
1,2616,479514
1,2616,479530
1,2616,479549
1,2616,479567
1,2616,479579
1,2648,485376
1,2649,485637
1,2649,485669
1,2650,485732
1,2650,485748
1,2650,485806
1,2651,486011
1,2651,486075
1,2652,486178
1,2677,490627
1,2677,490669
1,2678,490880
1,2679,491120
1,2679,491137
1,2680,491221
1,2680,491308
1,2680,491355
1,2681,491547
1,2689,492832
1,2689,492842
1,2689,492898
1,2689,492985
1,2690,493011
1,2690,493067
1,2690,493082
1,2690,493093
1,2690,493115
1,2690,493172
1,2690,493187
1,2691,493227
1,2691,493256
1,2691,493258
1,2691,493287
1,2691,493362
1,2691,493375
1,2691,493388
1,2692,493506
1,2692,493527
1,2693,493711
1,2694,493829
1,2694,493861
1,1,121
1,1,158
1,1,170
1,2,274
1,2,277
1,2,319
1,3,420
1,3,521
1,3,527
1,3,518
1,3,525
1,4,713
1,4,782
1,4,799
1,6,1047
1,6,1084
1,7,1108
1,7,1118
1,7,1117
1,7,1138
1,7,1202
1,8,1321
1,8,1331
1,8,1408
1,8,1444
1,9,1584
1,9,1615
1,9,1656
1,10,1726
1,10,1873
1,10,1889
1,11,1936
1,11,1956
1,11,1987
1,11,1982
1,13,2251
1,13,2307
1,13,2317
1,13,2311
1,14,2431
1,14,2477
1,14,2523
1,15,2656
1,15,2680
1,15,2785
1,15,2793
1,16,2921
1,17,3003
1,17,3011
1,17,3018
1,17,3174
1,18,3246
1,18,3276
1,19,3356
1,20,3634
1,21,3786
1,21,3805
1,22,3963
1,22,3999
1,22,4027
1,22,4052
1,22,4089
1,23,4184
1,24,4381
1,25,4458
1,25,4594
1,26,4609
1,26,4717
1,26,4730
1,26,4756
1,27,4827
1,28,5078
1,28,5111
1,28,5163
1,29,5203
1,30,5402
1,30,5495
1,31,5568
1,31,5644
1,31,5697
1,32,5803
1,32,5872
1,32,5887
1,33,5906
1,34,6112
1,34,6145
1,34,6174
1,34,6294
1,34,6296
1,35,6379
1,35,6421
1,35,6485
1,36,6578
1,37,6622
1,37,6710
1,37,6763
1,37,6793
1,996,182558
1,220,40243
1,220,40335
1,220,40378
1,221,40565
1,221,40582
1,529,96841
1,529,96911
1,529,96950
1,529,96974
1,530,97040
1,530,97045
1,530,97179
1,531,97381
1,531,97400
1,532,97411
1,533,97608
1,533,97602
1,533,97694
1,533,97782
1,534,97870
1,1249,228801
1,1249,228938
1,1250,229001
1,1250,229090
1,1251,229236
1,1251,229316
1,1252,229410
1,1253,229705
1,1253,229728
1,1254,229806
1,1254,229821
1,1254,229826
1,1254,229898
1,1254,229900
1,1387,254188
1,1388,254330
1,1388,254370
1,1388,254499
1,1388,254494
1,1389,254553
1,1390,254726
1,1390,254736
1,1390,254760
1,1390,254866
1,1391,254904
1,1391,254963
1,1391,254996
1,1391,255097
1,1394,255423
1,1394,255520
1,1394,255571
1,1395,255609
1,1395,255635
1,1396,255826
1,1397,256039
1,1397,256200
1,1397,256199
1,1398,256274
1,1398,256280
1,1405,257401
1,1405,257457
1,1405,257471
1,1405,257527
1,1406,257768
1,1408,258168
1,1409,258223
1,1409,258247
1,1409,258285
1,1409,258364
1,1409,258388
1,1417,259630
1,1417,259671
1,1417,259698
1,1417,259731
1,1419,260137
1,1419,260189
1,1419,260199
1,1420,260262
1,1420,260326
1,1422,260608
1,1422,260694
1,2175,398623
1,2175,398620
1,2175,398654
1,2175,398697
1,2175,398739
1,2175,398741
1,499,91306
1,499,91326
1,499,91387
1,499,91381
1,499,91415
1,500,91698
1,501,91773
1,501,91820
1,503,92218
1,503,92222
1,503,92283
1,877,160611
1,877,160645
1,877,160681
1,877,160734
1,878,160858
1,878,160875
1,879,161043
1,879,161152
1,880,161205
1,880,161345
1,881,161489
1,881,161477
1,881,161491
1,882,161618
1,1747,320137
1,1748,320353
1,1748,320432
1,1748,320452
1,1748,320444
1,1749,320633
1,1749,320645
1,1750,320742
1,1750,320802
1,1750,320861
1,1999,366332
1,1999,366352
1,1999,366363
1,1999,366385
1,2000,366525
1,2000,366610
1,2000,366697
1,2001,366717
1,2001,366791
1,2001,366865
1,2001,366873
1,2001,366887
1,2001,366896
1,2001,366890
1,2002,367066
1,2002,367098
1,2004,367324
1,2004,367394
1,2029,371803
1,2029,371893
1,2029,371903
1,2029,371922
1,2030,372058
1,2030,372116
1,2030,372155
1,2031,372294
1,2031,372320
1,2032,372486
1,2032,372494
1,2032,372497
1,2032,372591
1,2033,372778
1,2053,376204
1,2053,376259
1,2053,376335
1,2053,376388
1,2054,376502
1,2054,376510
1,2054,376550
1,2055,376774
1,2056,376840
1,2056,376926
1,2056,376953
1,2056,376942
1,2057,377144
1,2058,377244
1,2058,377265
1,2081,381414
1,2081,381501
1,2081,381530
1,2081,381557
1,2081,381564
1,2082,381634
1,2082,381638
1,2082,381669
1,2082,381685
1,637,116714
1,638,116879
1,638,116954
1,638,116970
1,639,117044
1,639,117119
1,639,117134
1,640,117202
1,640,117218
1,640,117388
1,641,117407
1,641,117484
1,641,117499
1,641,117524
1,641,117543
1,2167,397239
1,2167,397260
1,2168,397339
1,2168,397377
1,2169,397580
1,2169,397605
1,2169,397653
1,2169,397668
1,2170,397756
1,2170,397789
1,2171,398028
1,2171,398042
1,2215,406002
1,2215,406073
1,2216,406254
1,2217,406313
1,2217,406418
1,2217,406479
1,2218,406579
1,2218,406667
1,2218,406678
1,2219,406880
1,2220,406901
1,2220,406974
1,2239,410449
1,2240,410590
1,2240,410613
1,2241,410770
1,2241,410842
1,2241,410864
1,2242,411047
1,2242,411042
1,2242,411090
1,2243,411146
1,2243,411176
1,2243,411206
1,2243,411270
1,2269,415845
1,2270,416109
1,2271,416274
1,2272,416589
1,2273,416777
1,2281,418026
1,2281,418047
1,2281,418077
1,2281,418073
1,2281,418152
1,2283,418445
1,2283,418488
1,2283,418561
1,2284,418756
1,2285,418804
1,2285,418821
1,2285,418881
1,2285,418879
1,2285,418890
1,2285,418979
1,2299,421371
1,2299,421383
1,2300,421670
1,2304,422362
1,2304,422381
1,661,121117
1,662,121270
1,662,121325
1,663,121424
1,663,121444
1,663,121515
1,664,121649
1,664,121732
1,664,121766
1,665,121855
1,665,121907
1,665,121987
1,805,147419
1,805,147551
1,806,147639
1,806,147717
1,808,148103
1,808,148122
1,808,148196
1,809,148289
1,809,148321
1,809,148345
1,810,148430
1,810,148469
1,1153,211262
1,1153,211263
1,1153,211290
1,1154,211416
1,1154,211476
1,1154,211484
1,1154,211550
1,1156,211853
1,1156,211868
1,1157,212042
1,1157,212052
1,1158,212206
1,1158,212212
1,1158,212282
1,1158,212298
1,1513,277333
1,1514,277512
1,1515,277658
1,1515,277728
1,1517,278039
1,1517,278146
1,2011,368577
1,2011,368597
1,2012,368701
1,2012,368703
1,2012,368732
1,2013,368990
1,2014,369242
1,2015,369383
1,2015,369419
1,2015,369420
1,2015,369446
1,2016,369543
1,2016,369571
1,2126,389617
1,2126,389647
1,2126,389737
1,2127,389897
1,2129,390216
1,2129,390358
1,2129,390391
1,2130,390439
1,2130,390481
1,2311,423510
1,2311,423518
1,2312,423724
1,2312,423840
1,2313,423916
1,2313,424085
1,674,123426
1,674,123483
1,674,123492
1,674,123512
1,675,123632
1,675,123627
1,675,123731
1,676,123871
1,676,123882
1,676,123960
1,677,124058
1,677,124164
1,678,124297
1,691,126693
1,692,126758
1,692,126845
1,692,126882
1,693,127100
1,694,127118
1,694,127124
1,694,127239
1,694,127277
1,695,127305
1,695,127321
1,695,127392
1,695,127443
1,696,127534
1,696,127564
1,696,127586
1,697,127641
1,698,127875
1,699,128131
1,701,128466
1,701,128473
1,745,136487
1,745,136498
1,745,136509
1,745,136502
1,746,136735
1,747,136867
1,747,136924
1,747,136944
1,749,137204
1,749,137250
1,749,137287
1,749,137296
1,749,137345
1,749,137374
1,775,141937
1,775,142031
1,775,142098
1,776,142141
1,776,142190
1,776,142205
1,776,142300
1,778,142513
1,778,142580
1,779,142751
1,793,145330
1,794,145421
1,794,145438
1,794,145564
1,795,145603
1,795,145679
1,795,145734
1,795,145760
1,796,145817
1,796,145907
1,796,145951
1,796,145954
1,797,146019
1,797,146033
1,797,146038
1,797,146167
1,800,146517
1,800,146559
1,800,146619
1,800,146658
1,801,146703
1,802,146997
1,750,137440
1,750,137442
1,1639,300434
1,1639,300440
1,1639,300453
1,1639,300459
1,1640,300570
1,1641,300781
1,1641,300785
1,1641,300865
1,1643,301207
1,1643,301229
1,1644,301330
1,1644,301356
1,1644,301377
1,1723,315788
1,1723,315847
1,1724,315964
1,1724,316023
1,1724,316035
1,1724,316044
1,1725,316102
1,1725,316117
1,1725,316127
1,1725,316259
1,1725,316255
1,1725,316270
1,1726,316308
1,1726,316321
1,1726,316310
1,1726,316346
1,1726,316367
1,1726,316379
1,1771,324626
1,1772,324882
1,1773,324921
1,1773,324931
1,1773,325058
1,1774,325146
1,1801,330125
1,1802,330360
1,1803,330453
1,1804,330624
1,1805,330959
1,1806,331063
1,1927,353120
1,1927,353127
1,1927,353142
1,1928,353350
1,1928,353464
1,1928,353497
1,1928,353498
1,1929,353542
1,1929,353641
1,1929,353664
1,1931,353914
1,1932,354149
1,1932,354153
1,1939,355302
1,1939,355333
1,1939,355357
1,1939,355447
1,1939,355437
1,1940,355540
1,1940,355566
1,1940,355604
1,1940,355658
1,1941,355732
1,1941,355792
1,1941,355825
1,1942,356057
1,1942,356072
1,1942,356077
1,1943,356137
1,1943,356226
1,1944,356333
1,2179,399318
1,2179,399445
1,2179,399457
1,2180,399613
1,2180,399676
1,2181,399724
1,2181,399839
1,760,139235
1,760,139268
1,760,139359
1,760,139392
1,762,139614
1,762,139697
1,937,171635
1,937,171691
1,938,171842
1,938,171974
1,939,172047
1,939,172078
1,939,172129
1,939,172178
1,940,172255
1,940,172260
1,940,172315
1,940,172392
1,942,172612
1,942,172672
1,943,172812
1,944,172930
1,944,172951
1,945,173129
1,945,173179
1,946,173308
1,946,173397
1,946,173474
1,946,173479
1,947,173552
1,947,173581
1,948,173745
1,955,175071
1,956,175157
1,956,175270
1,957,175309
1,958,175503
1,958,175624
1,958,175639
1,958,175658
1,959,175801
1,959,175843
1,959,175853
1,959,175862
1,960,175956
1,961,176145
1,961,176149
1,961,176193
1,962,176298
1,962,176399
1,963,176457
1,963,176497
1,963,176526
1,963,176598
1,964,176678
1,964,176670
1,965,176940
1,966,177038
1,967,177117
1,967,177289
1,968,177414
1,968,177467
1,968,177496
1,969,177603
1,969,177578
1,969,177669
1,970,177866
1,971,177936
1,997,182687
1,997,182777
1,998,182843
1,998,182858
1,998,182912
1,999,183049
1,1000,183220
1,1000,183274
1,1000,183294
1,1000,183323
1,1000,183346
1,1000,183368
1,1001,183421
1,1001,183557
1,763,139718
1,763,139860
1,764,139927
1,764,140056
1,765,140271
1,765,140293
1,766,140379
1,766,140383
1,766,140411
1,768,140733
1,1646,301606
1,1646,301746
1,1646,301753
1,1646,301777
1,1647,301818
1,1647,301830
1,1647,301838
1,1647,301912
1,1647,301948
1,1648,302067
1,1648,302061
1,1648,302076
1,1649,302275
1,1649,302362
1,1650,302475
1,2383,436713
1,2383,436734
1,2383,436802
1,2383,436860
1,2383,436883
1,2384,436963
1,2384,436989
1,2384,437052
1,2385,437101
1,2385,437225
1,2385,437289
1,2385,437295
1,2387,437530
1,2387,437550
1,2387,437603
1,2387,437636
1,2443,447737
1,2443,447744
1,2445,448231
1,2445,448278
1,2446,448301
1,2446,448359
1,2446,448439
1,2446,448466
1,2446,448500
1,2447,448632
1,2447,448694
1,2461,451032
1,2461,451103
1,2462,451359
1,2464,451658
1,2464,451765
1,2465,451828
1,2465,451982
1,2466,452029
1,2466,452065
1,2563,469888
1,2564,470069
1,2564,470089
1,2565,470207
1,2565,470226
1,2565,470285
1,2566,470486
1,2567,470646
1,2568,470717
1,2568,470750
1,2611,478530
1,2611,478636
1,2611,478621
1,2612,478780
1,2612,478805
1,799,146318
1,799,146347
1,799,146359
1,799,146421
1,803,147256
1,803,147279
1,804,147359
1,835,152921
1,835,153022
1,836,153188
1,837,153323
1,837,153331
1,837,153403
1,838,153537
1,838,153599
1,838,153641
1,838,153697
1,839,153728
1,839,153743
1,839,153797
1,839,153825
1,840,153903
1,853,156254
1,853,156336
1,853,156398
1,854,156450
1,856,156862
1,856,156909
1,856,156939
1,857,157024
1,857,157163
1,858,157202
1,858,157288
1,865,158482
1,865,158513
1,865,158518
1,865,158588
1,866,158693
1,866,158777
1,867,158803
1,868,159132
1,868,159195
1,869,159311
1,870,159441
1,871,159557
1,871,159697
1,872,159832
1,872,159828
1,873,160026
1,873,160036
1,874,160211
1,874,160258
1,875,160394
1,875,160418
1,876,160599
1,895,163931
1,895,163986
1,895,164008
1,896,164164
1,896,164287
1,896,164299
1,897,164379
1,897,164413
1,899,164702
1,899,164884
1,901,165114
1,902,165209
1,902,165245
1,902,165269
1,903,165497
1,903,165539
1,904,165650
1,904,165648
1,904,165678
1,904,165780
1,905,165805
1,905,165887
1,905,165923
1,906,166050
1,2297,421136
1,2297,421153
1,2297,421160
1,841,154080
1,841,154103
1,841,154187
1,842,154269
1,842,154331
1,843,154405
1,843,154441
1,843,154502
1,843,154504
1,845,154873
1,845,154872
1,845,154939
1,845,154943
1,846,155001
1,1165,213493
1,1166,213637
1,1166,213704
1,1166,213751
1,1166,213768
1,1166,213778
1,1167,213878
1,1167,213892
1,1168,214108
1,1168,214166
1,1169,214293
1,1170,214404
1,1219,223330
1,1219,223480
1,1219,223497
1,1220,223626
1,1220,223635
1,1220,223698
1,1222,223906
1,1222,223969
1,1223,224143
1,1223,224194
1,1224,224386
1,1224,224399
1,1507,276104
1,1507,276280
1,1507,276297
1,1508,276492
1,1510,276760
1,1555,285067
1,1556,285269
1,1557,285322
1,1557,285355
1,1557,285401
1,1557,285419
1,1557,285432
1,1558,285529
1,1559,285853
1,1560,285969
1,1560,285968
1,1633,299256
1,1633,299357
1,1634,299404
1,1634,299409
1,1634,299475
1,1634,299519
1,1636,299947
1,1636,299958
1,1636,299974
1,1637,300072
1,1637,300183
1,1705,312427
1,1705,312419
1,1706,312632
1,1707,312820
1,1707,312882
1,1707,312921
1,1707,312959
1,1707,312977
1,1707,312998
1,931,170686
1,932,170792
1,932,170895
1,933,170910
1,933,171077
1,934,171118
1,934,171191
1,935,171446
1,936,171573
1,936,171584
1,936,171593
1,973,178232
1,973,178258
1,973,178297
1,973,178321
1,974,178478
1,974,178563
1,975,178696
1,975,178755
1,975,178758
1,976,178857
1,976,178883
1,977,179142
1,978,179236
1,1027,188281
1,1027,188300
1,1028,188308
1,1028,188353
1,1028,188377
1,1028,188419
1,1028,188469
1,1028,188482
1,1029,188542
1,1029,188589
1,1029,188590
1,1029,188633
1,1030,188899
1,1031,188961
1,1032,189172
1,1033,189230
1,1033,189235
1,1033,189318
1,1033,189378
1,1034,189460
1,1035,189732
1,1036,189912
1,1036,189920
1,1037,190045
1,1037,190100
1,1037,190170
1,1038,190241
1,1069,195919
1,1069,195997
1,1070,196039
1,1070,196172
1,1071,196211
1,1071,196237
1,1071,196221
1,1071,196332
1,1072,196433
1,1072,196440
1,1073,196686
1,1073,196754
1,1111,203663
1,1112,203828
1,1112,203839
1,1113,203975
1,1113,204052
1,1113,204064
1,1113,204084
1,1114,204215
1,1115,204322
1,1115,204392
1,1115,204475
1,1115,204500
1,1124,206030
1,979,179318
1,979,179429
1,980,179599
1,981,179708
1,981,179863
1,981,179895
1,981,179898
1,982,180042
1,983,180114
1,983,180199
1,983,180213
1,983,180233
1,983,180248
1,984,180376
1,1430,262065
1,1430,262091
1,1430,262144
1,1430,262181
1,1431,262265
1,1431,262322
1,1431,262325
1,1432,262468
1,1432,262588
1,1432,262593
1,1433,262605
1,1433,262647
1,1434,262889
1,1531,280544
1,1531,280687
1,1532,280720
1,1532,280788
1,1532,280854
1,1533,280923
1,1533,281006
1,1533,281069
1,1533,281087
1,1534,281116
1,1534,281140
1,1534,281297
1,1535,281414
1,1535,281467
1,1536,281593
1,1963,359723
1,1963,359764
1,1963,359804
1,1963,359835
1,1963,359880
1,1964,359907
1,1964,359999
1,1964,360008
1,1964,360044
1,1964,360049
1,1965,360211
1,1966,360310
1,1966,360397
1,1967,360655
1,2479,454307
1,2479,454413
1,2479,454463
1,2480,454639
1,2481,454744
1,2481,454774
1,2481,454827
1,2482,454936
1,2482,454999
1,2483,455124
1,2484,455343
1,2484,455352
1,1819,333455
1,2185,400418
1,2185,400438
1,2186,400733
1,2187,400810
1,2187,400847
1,2188,401063
1,2188,401133
1,2189,401291
1,2189,401316
1,2189,401364
1,2190,401429
1,2190,401449
1,2190,401491
1,2265,415228
1,2265,415279
1,1022,187343
1,1023,187457
1,1023,187517
1,1023,187572
1,1023,187577
1,1023,187593
1,1195,218911
1,1195,218953
1,1195,218990
1,1195,219029
1,1195,219048
1,1198,219585
1,1198,219646
1,1199,219780
1,1199,219884
1,1200,219929
1,1261,231001
1,1261,231022
1,1261,231051
1,1261,231054
1,1261,231116
1,1262,231227
1,1262,231366
1,1263,231421
1,1263,231508
1,1264,231691
1,1264,231733
1,1264,231769
1,1265,231844
1,1267,232255
1,1267,232274
1,1268,232343
1,1268,232355
1,1269,232606
1,1315,240956
1,1315,241084
1,1316,241118
1,1316,241149
1,1316,241216
1,1316,241235
1,1316,241249
1,1317,241333
1,1317,241386
1,1317,241411
1,1317,241425
1,1318,241534
1,1318,241554
1,1319,241778
1,1319,241889
1,1320,241938
1,1320,241953
1,1320,241982
1,1320,241991
1,1339,245334
1,1339,245405
1,1339,245454
1,1339,245480
1,1340,245526
1,1340,245503
1,1340,245531
1,1340,245566
1,1340,245643
1,1340,245661
1,1340,245682
1,1341,245856
1,1341,245879
1,1342,245974
1,1343,246172
1,1363,249730
1,1363,249779
1,1363,249818
1,1363,249841
1,1363,249896
1,1364,249922
1,1364,250009
1,1365,250156
1,1365,250257
1,1365,250279
1,1365,250289
1,1367,250696
1,1368,250782
1,1369,250817
1,1369,250903
1,1369,250987
1,1371,251218
1,1371,251236
1,1093,200248
1,1093,200249
1,1093,200244
1,1093,200293
1,1093,200344
1,1094,200564
1,1095,200689
1,1095,200706
1,1096,200824
1,1096,200905
1,1096,200966
1,1097,201118
1,1098,201238
1,1098,201249
1,1098,201272
1,1099,201330
1,1099,201361
1,1099,201388
1,1099,201423
1,1099,201427
1,1099,201445
1,1099,201452
1,1099,201473
1,1100,201610
1,1100,201656
1,1101,201737
1,1101,201759
1,1101,201796
1,1101,201826
1,1102,201930
1,1102,202069
1,1141,209012
1,1141,209040
1,1141,209096
1,1141,209140
1,1141,209145
1,1141,209180
1,1142,209223
1,1142,209226
1,1142,209229
1,1143,209452
1,1144,209611
1,1144,209679
1,1145,209892
1,1145,209900
1,1145,209976
1,1145,209972
1,1145,209986
1,1159,212318
1,1159,212326
1,1159,212330
1,1160,212547
1,1160,212588
1,1160,212597
1,1160,212659
1,1161,212858
1,1162,212943
1,1162,212945
1,1162,212966
1,1162,212958
1,1162,212979
1,1163,213184
1,1163,213197
1,1164,213308
1,1183,216753
1,1183,216806
1,1183,216865
1,1184,217031
1,1185,217115
1,1185,217144
1,1186,217482
1,1187,217527
1,1187,217579
1,1187,217615
1,1188,217724
1,1189,217837
1,1189,217946
1,1191,218206
1,1191,218260
1,1191,218367
1,1193,218655
1,1207,221122
1,1207,221125
1,1208,221379
1,1208,221401
1,1208,221411
1,1208,221479
1,1209,221513
1,1209,221550
1,1125,206108
1,1125,206115
1,1125,206155
1,1125,206209
1,1210,221712
1,1210,221834
1,1211,221931
1,1211,221921
1,1211,222056
1,1225,224479
1,1225,224496
1,1227,224866
1,1227,224895
1,1227,224899
1,1227,224950
1,1228,225028
1,1229,225252
1,1229,225294
1,1229,225389
1,1230,225427
1,1237,226719
1,1237,226736
1,1237,226794
1,1238,226985
1,1238,226986
1,1239,227063
1,1239,227132
1,1240,227283
1,1240,227339
1,1241,227402
1,1241,227522
1,1242,227604
1,1242,227643
1,1242,227662
1,1255,230096
1,1256,230183
1,1257,230364
1,1257,230374
1,1257,230413
1,1258,230509
1,1258,230651
1,1258,230693
1,1259,230715
1,1259,230793
1,1260,230954
1,1260,230997
1,1273,233214
1,1273,233227
1,1273,233246
1,1273,233310
1,1273,233321
1,1273,233338
1,1274,233491
1,1275,233655
1,1276,233883
1,1276,233921
1,1277,234024
1,1277,234126
1,1279,234341
1,1279,234369
1,1279,234376
1,1279,234460
1,1280,234531
1,1280,234523
1,1280,234653
1,1281,234851
1,1282,234928
1,1283,235195
1,1283,235232
1,1283,235292
1,1283,235297
1,1283,235300
1,1284,235332
1,1285,235490
1,1285,235598
1,1286,235649
1,1286,235670
1,1286,235714
1,1287,235804
1,1287,235923
1,1288,236006
1,1288,236002
1,1288,236117
1,1288,236141
1,1288,236154
1,1289,236323
1,1289,236390
1,1290,236418
1,1290,236438
1,1290,236471
1,1290,236466
1,1414,259232
1,1414,259235
1,1414,259291
1,1415,259384
1,1416,259554
1,1441,264002
1,1441,264113
1,1441,264123
1,1444,264636
1,1444,264765
1,1445,264809
1,1471,269574
1,1471,269626
1,1472,269738
1,1473,269903
1,1473,270077
1,1474,270129
1,1474,270277
1,1474,270298
1,1475,270307
1,1475,270380
1,1476,270509
1,1501,275062
1,1502,275240
1,1503,275456
1,1503,275505
1,1503,275533
1,1503,275560
1,1503,275577
1,1504,275630
1,1504,275681
1,1504,275722
1,1504,275741
1,1505,275915
1,1505,275967
1,1549,283914
1,1550,284017
1,1551,284245
1,1551,284393
1,1552,284430
1,1552,284477
1,1552,284501
1,1553,284707
1,1553,284734
1,1553,284786
1,1554,284809
1,1554,284820
1,1554,284835
1,1554,284845
1,1591,291533
1,1591,291542
1,1591,291590
1,1591,291609
1,1592,291874
1,1593,291926
1,1594,292116
1,1595,292330
1,1595,292414
1,1595,292399
1,1687,309228
1,1688,309304
1,1688,309396
1,1688,309406
1,1688,309415
1,1688,309453
1,1688,309491
1,1689,309657
1,1690,309709
1,1690,309769
1,1690,309782
1,1690,309823
1,1691,309938
1,1691,309983
1,1691,309999
1,1691,310015
1,1424,260913
1,1424,261091
1,1425,261144
1,1425,261152
1,1425,261200
1,1426,261466
1,1427,261524
1,1427,261580
1,1427,261632
1,1427,261653
1,1428,261703
1,1435,262909
1,1435,263022
1,1435,263047
1,1435,263049
1,1436,263137
1,1436,263255
1,1436,263262
1,1437,263367
1,1438,263516
1,1438,263620
1,1438,263667
1,1439,263776
1,1439,263779
1,1447,265244
1,1447,265270
1,1447,265290
1,1448,265311
1,1449,265559
1,1449,265578
1,1449,265676
1,1450,265876
1,1451,265926
1,1451,265980
1,1489,272949
1,1492,273412
1,1492,273450
1,1492,273461
1,1492,273578
1,1492,273593
1,1494,273896
1,1519,278307
1,1519,278464
1,1520,278514
1,1520,278674
1,1521,278759
1,1521,278746
1,1521,278769
1,1521,278893
1,1522,278928
1,1522,279093
1,1523,279114
1,1523,279199
1,1523,279190
1,1523,279219
1,1523,279228
1,1523,279283
1,1537,281656
1,1537,281694
1,1537,281768
1,1538,281846
1,1538,281889
1,1538,281991
1,1539,282192
1,1540,282248
1,1540,282273
1,1540,282287
1,1541,282588
1,1541,282586
1,1573,288265
1,1573,288291
1,1573,288317
1,1573,288325
1,1574,288473
1,1574,288495
1,1574,288565
1,1575,288654
1,1575,288729
1,1575,288734
1,1575,288754
1,1575,288758
1,1459,267370
1,1459,267420
1,1459,267421
1,1460,267517
1,1460,267558
1,1460,267573
1,1460,267585
1,1462,268085
1,1463,268284
1,1464,268357
1,1464,268387
1,1651,302663
1,1653,302914
1,1654,303143
1,1654,303183
1,1654,303241
1,1655,303353
1,1655,303465
1,1656,303568
1,2035,373036
1,2035,373049
1,2035,373076
1,2036,373220
1,2038,373576
1,2038,373595
1,2038,373693
1,2039,373824
1,2039,373844
1,2059,377362
1,2059,377376
1,2059,377395
1,2059,377408
1,2060,377536
1,2060,377568
1,2060,377589
1,2061,377706
1,2061,377864
1,2061,377862
1,2062,378045
1,2062,378059
1,2063,378261
1,2064,378386
1,1524,279361
1,1561,286088
1,1561,286098
1,1562,286251
1,1563,286506
1,1564,286602
1,1564,286622
1,1564,286647
1,1564,286686
1,1564,286754
1,1565,286909
1,1565,286994
1,1681,308025
1,1681,308066
1,1681,308106
1,1681,308129
1,1681,308137
1,1681,308138
1,1681,308165
1,1682,308203
1,1682,308302
1,1683,308513
1,1683,308545
1,1685,308883
1,1825,334531
1,1826,334631
1,1826,334655
1,1826,334676
1,1826,334673
1,1827,334993
1,1829,335205
1,1829,335282
1,1829,335398
1,1830,335440
1,1921,352071
1,1921,352178
1,1922,352251
1,1922,352376
1,1923,352442
1,1924,352798
1,1925,352863
1,1925,352988
1,1926,353012
1,1926,353047
1,2017,369696
1,2018,369872
1,2018,369886
1,2018,369920
1,2019,370008
1,2019,370095
1,2019,370120
1,2019,370195
1,2020,370218
1,2020,370223
1,2020,370270
1,2021,370421
1,2021,370434
1,2021,370469
1,2021,370538
1,2021,370568
1,2021,370587
1,2021,370590
1,2209,404802
1,2209,404879
1,2209,404913
1,2210,405031
1,2210,405090
1,2210,405112
1,2211,405247
1,2211,405265
1,2211,405310
1,2212,405453
1,2212,405509
1,2212,405573
1,2213,405634
1,2213,405666
1,2213,405771
1,2214,405822
1,2214,405833
1,2214,405837
1,2251,412510
1,2251,412592
1,2251,412599
1,2251,412611
1,2251,412657
1,2252,412830
1,2252,412861
1,2252,412879
1,2253,412954
1,2253,413065
1,1768,324075
1,1768,324103
1,1769,324389
1,1837,336646
1,1837,336698
1,1838,336865
1,1838,336940
1,1838,336972
1,1838,336980
1,1838,336998
1,1839,337013
1,1839,337030
1,1840,337247
1,1840,337291
1,1841,337494
1,1841,337520
1,1841,337535
1,1842,337623
1,1842,337612
1,1849,338837
1,1849,338876
1,1849,338929
1,1850,339011
1,1850,339042
1,1850,339056
1,1852,339457
1,1852,339511
1,1853,339674
1,1853,339758
1,1854,339815
1,1854,339890
1,1867,342117
1,1867,342184
1,1867,342217
1,1868,342367
1,1868,342381
1,1868,342466
1,1869,342614
1,1869,342681
1,1870,342728
1,1870,342826
1,1871,343043
1,1871,343100
1,1872,343123
1,1872,343136
1,1872,343159
1,1873,343247
1,1873,343392
1,1874,343506
1,1874,343593
1,1875,343748
1,1877,344020
1,1878,344239
1,1878,344253
1,1878,344295
1,2497,457601
1,2497,457680
1,2497,457697
1,2497,457692
1,2498,457858
1,2499,458023
1,2499,458072
1,2499,458144
1,2500,458338
1,2500,458396
1,2501,458407
1,2501,458426
1,2502,458650
1,2502,458697
1,469,85825
1,469,85844
1,469,85900
1,469,85918
1,469,85974
1,470,86082
1,470,86161
1,471,86207
1,472,86478
1,472,86599
1,473,86631
1,473,86655
1,473,86775
1,473,86795
1,474,86886
1,475,86983
1,476,87104
1,476,87126
1,476,87175
1,477,87304
1,477,87395
1,477,87483
1,478,87579
1,479,87764
1,479,87853
1,479,87860
1,480,87919
1,481,88014
1,481,88073
1,481,88131
1,481,88200
1,483,88509
1,485,88852
1,485,88921
1,485,88949
1,487,89127
1,488,89315
1,488,89356
1,488,89385
1,488,89464
1,488,89459
1,489,89507
1,489,89653
1,489,89685
1,490,89725
1,490,89831
1,491,89966
1,491,89982
1,492,90134
1,493,90271
1,493,90339
1,495,90649
1,495,90749
1,495,90796
1,496,90957
1,496,91000
1,497,91008
1,497,91006
1,497,91064
1,497,91163
1,547,100117
1,547,100129
1,547,100130
1,547,100271
1,547,100291
1,548,100338
1,548,100435
1,550,100721
1,550,100892
1,551,100908
1,551,100934
1,551,101000
1,551,101096
1,559,102347
1,559,102397
1,559,102488
1,560,102542
1,560,102603
1,560,102613
1,560,102646
1,561,102732
1,561,102795
1,498,91210
1,571,104633
1,571,104692
1,572,104734
1,572,104762
1,572,104766
1,572,104792
1,572,104874
1,572,104897
1,575,105440
1,575,105474
1,575,105485
1,576,105539
1,576,105557
1,584,106924
1,584,106965
1,584,107001
1,584,107078
1,585,107113
1,585,107116
1,585,107145
1,586,107323
1,587,107506
1,587,107518
1,587,107576
1,587,107698
1,588,107731
1,588,107783
1,589,107903
1,589,107923
1,589,107938
1,590,108109
1,590,108131
1,590,108165
1,590,108173
1,591,108367
1,591,108393
1,592,108438
1,592,108574
1,593,108718
1,593,108726
1,593,108747
1,594,108872
1,607,111103
1,607,111273
1,608,111339
1,608,111355
1,608,111385
1,608,111386
1,609,111628
1,609,111692
1,610,111812
1,611,111975
1,611,112018
1,612,112155
1,612,112150
1,612,112190
1,612,112191
1,613,112215
1,613,112361
1,613,112380
1,614,112595
1,615,112716
1,615,112721
1,615,112753
1,615,112779
1,617,113088
1,649,118975
1,650,119184
1,651,119206
1,651,119250
1,651,119275
1,652,119517
1,652,119590
1,653,119645
1,653,119699
1,653,119787
1,654,119893
1,679,124317
1,679,124376
1,679,124380
1,679,124386
1,679,124425
1,679,124500
1,680,124531
1,680,124675
1,681,124740
1,681,124794
1,681,124846
1,681,124842
1,1567,287108
1,1567,287138
1,1567,287195
1,1567,287203
1,1567,287202
1,1568,287351
1,1568,287417
1,1569,287606
1,1570,287710
1,1570,287754
1,1571,287946
1,1571,287956
1,1571,288031
1,1571,288045
1,1571,288092
1,1572,288120
1,1627,298159
1,1627,298154
1,1627,298192
1,1627,298214
1,1627,298299
1,1628,298351
1,1628,298371
1,1629,298554
1,1629,298581
1,1629,298592
1,1629,298666
1,1630,298829
1,1630,298856
1,1631,298935
1,1632,299115
1,1897,347750
1,1898,347829
1,1898,347907
1,1898,347971
1,1898,347987
1,1899,348078
1,1899,348089
1,1899,348115
1,1900,348246
1,1901,348429
1,1901,348458
1,1901,348470
1,1902,348623
1,2041,374025
1,2041,374045
1,2041,374080
1,2041,374117
1,2042,374232
1,2042,374285
1,2043,374499
1,2043,374507
1,2044,374613
1,2044,374670
1,2045,374835
1,2046,375046
1,2048,375421
1,2048,375468
1,2050,375797
1,2050,375878
1,2051,375930
1,2051,376001
1,2051,376010
1,2052,376179
1,2052,376189
1,2305,422478
1,2305,422487
1,2305,422484
1,2305,422485
1,2305,422531
1,2306,422627
1,2307,422899
1,2307,422909
1,2307,422955
1,2307,422970
1,2308,423017
1,2308,423055
1,2308,423145
1,2309,423270
1,2309,423291
1,2310,423414
1,2437,446630
1,2437,446651
1,2437,446687
1,2437,446719
1,2437,446749
1,2438,446871
1,2438,446867
1,2438,446920
1,2439,447054
1,2439,447102
1,2439,447144
1,1919,351773
1,1919,351769
1,1919,351834
1,1919,351863
1,2155,394943
1,2155,394992
1,2155,395097
1,2156,395241
1,2157,395326
1,2157,395357
1,2158,395502
1,2158,395639
1,2158,395643
1,2158,395680
1,2159,395705
1,2160,395905
1,2160,395998
1,2161,396029
1,2161,396042
1,2161,396069
1,2161,396107
1,2161,396121
1,2161,396163
1,2162,396212
1,2162,396225
1,2162,396310
1,2162,396305
1,2162,396377
1,2163,396547
1,2163,396575
1,2163,396592
1,2164,396620
1,2164,396674
1,2192,401819
1,2192,401843
1,2193,401995
1,2194,402144
1,2194,402204
1,2194,402200
1,2194,402300
1,2194,402296
1,2195,402440
1,2196,402539
1,2196,402598
1,2197,402613
1,2197,402640
1,2197,402719
1,2197,402750
1,2197,402797
1,2198,402843
1,2198,402853
1,2198,402867
1,2198,402892
1,2199,403012
1,2199,403094
1,2199,403109
1,2201,403481
1,2221,407045
1,2221,407081
1,2221,407153
1,2222,407266
1,2223,407492
1,2223,407587
1,2223,407588
1,2224,407717
1,2225,407804
1,2225,407933
1,2225,407944
1,2225,407988
1,2225,408000
1,2226,408081
1,2245,411415
1,2245,411419
1,2245,411506
1,2245,411596
1,2248,412170
1,2248,412169
1,2248,412168
1,2249,412318
1,2257,413766
1,2258,413817
1,2258,413848
1,2258,413904
1,2258,413905
1,2259,414005
1,2259,414016
1,2259,414189
1,1981,363090
1,1981,363185
1,1982,363235
1,1982,363298
1,1983,363488
1,1993,365207
1,1993,365252
1,1993,365253
1,1994,365414
1,1994,365445
1,1995,365619
1,1995,365652
1,1996,365806
1,1996,365960
1,1997,366014
1,1997,366165
1,1998,366232
1,2005,367427
1,2006,367633
1,2007,367870
1,2007,367939
1,2008,368065
1,2008,368133
1,2008,368159
1,2010,368410
1,2010,368432
1,2065,378494
1,2065,378499
1,2066,378604
1,2067,378832
1,2067,378863
1,2067,378955
1,2069,379263
1,2069,379332
1,2069,379354
1,2069,379366
1,2070,379415
1,2070,379441
1,2070,379465
1,2070,379488
1,2071,379535
1,2071,379569
1,2071,379639
1,2071,379671
1,2072,379790
1,2073,379952
1,2073,380047
1,2073,380053
1,2074,380160
1,2074,380165
1,2076,380590
1,2089,382975
1,2090,383086
1,2090,383106
1,2090,383162
1,2091,383203
1,2091,383352
1,2092,383452
1,2093,383619
1,2094,383829
1,2094,383845
1,2094,383891
1,2131,390580
1,2131,390621
1,2131,390660
1,2132,390734
1,2132,390751
1,2132,390838
1,2132,390852
1,2134,391216
1,2134,391284
1,2135,391333
1,2135,391344
1,2135,391491
1,2136,391552
1,2136,391577
1,2136,391585
1,2182,400016
1,2182,400054
1,2183,400114
1,2183,400149
1,2183,400170
1,2183,400173
1,2183,400203
1,2183,400186
1,2254,413188
1,2256,413551
1,2256,413579
1,2329,426831
1,2329,426975
1,2330,427088
1,2330,427119
1,2331,427259
1,2331,427322
1,2332,427403
1,2332,427491
1,2333,427662
1,2333,427671
1,2333,427708
1,2333,427750
1,2333,427760
1,2333,427791
1,2333,427792
1,2334,427873
1,2397,439348
1,2397,439416
1,2397,439442
1,2397,439472
1,2398,439516
1,2398,439576
1,2398,439694
1,2399,439797
1,2399,439784
1,2399,439828
1,2399,439878
1,2399,439883
1,2467,452105
1,2467,452137
1,2468,452311
1,2468,452381
1,2468,452455
1,2470,452852
1,2470,452862
1,2470,452893
1,2471,452987
1,2471,453065
1,2472,453190
1,2472,453172
1,2551,467502
1,2551,467618
1,2553,467981
1,2553,468033
1,2553,468043
1,2553,468095
1,2554,468182
1,2554,468183
1,2554,468279
1,2554,468289
1,2555,468354
1,2555,468382
1,2617,479615
1,2617,479725
1,2617,479786
1,2639,483706
1,2639,483762
1,2639,483846
1,2639,483897
1,2640,483910
1,2640,483995
1,2653,486295
1,2654,486431
1,2654,486460
1,2654,486450
1,2654,486470
1,2654,486488
1,2654,486529
1,2654,486578
1,2656,486803
1,2656,486869
1,2657,487032
1,2657,487045
1,2657,487087
1,2657,487100
1,2658,487213
1,2658,487230
1,2301,421763
1,2301,421882
1,2302,421952
1,2302,422050
1,2302,422059
1,2302,422086
1,2303,422103
1,2303,422260
1,2303,422285
1,2371,434541
1,2371,434553
1,2371,434578
1,2371,434631
1,2372,434765
1,2372,434786
1,2372,434867
1,2373,434967
1,2374,435157
1,2374,435149
1,2374,435162
1,2374,435272
1,2375,435328
1,2375,435334
1,2375,435424
1,2375,435433
1,2375,435457
1,2376,435589
1,2376,435594
1,2401,440046
1,2401,440081
1,2401,440097
1,2401,440118
1,2401,440123
1,2403,440569
1,2403,440595
1,2404,440794
1,2405,440813
1,2405,440862
1,2405,440883
1,2405,440930
1,2406,441098
1,2485,455431
1,2485,455531
1,2486,455635
1,2486,455670
1,2486,455707
1,2486,455723
1,2487,455918
1,2488,456126
1,2488,456150
1,2488,456147
1,2488,456183
1,2488,456195
1,2489,456224
1,2489,456343
1,2575,471923
1,2575,471922
1,2576,472168
1,2576,472197
1,2576,472240
1,2577,472458
1,2578,472573
1,2578,472613
1,2579,472800
1,2579,472886
1,2579,472884
1,2580,472925
1,2560,469210
1,2560,469227
1,2560,469317
1,2561,469407
1,2561,469451
1,2561,469470
1,2561,469496
1,2561,469539
1,2561,469557
1,2561,469552
1,2561,469544
1,2562,469617
1,2562,469638
1,2581,473072
1,2581,473128
1,2582,473250
1,2582,473308
1,2583,473474
1,2695,493954
1,2695,493957
1,2696,494118
1,2696,494262
1,2697,494341
1,2697,494348
1,2697,494493
1,2697,494484
1,2697,494486
1,2698,494619
1,2698,494642
1,2699,494797
1,2699,494811
1,2699,494845
1,2700,494988
1,2473,453316
1,2294,420554
1,2295,420629
1,2295,420643
1,2296,420846
1,2296,420953
1,2298,421258
1,2395,439008
1,2396,439185
1,2396,439209
1,2396,439292
1,636,116563
1,636,116575
1,682,124969
1,682,125061
1,682,125053
1,682,125063
1,683,125104
1,683,125128
1,683,125158
1,683,125260
1,683,125243
1,684,125316
1,684,125347
1,685,125508
1,685,125594
1,686,125658
1,686,125709
1,686,125766
1,686,125758
1,688,126142
1,688,126173
1,689,126252
1,689,126330
1,689,126340
1,690,126425
1,703,128730
1,703,128750
1,703,128870
1,704,128933
1,704,129033
1,705,129189
1,705,129194
1,705,129215
1,705,129277
1,705,129296
1,706,129380
1,706,129410
1,707,129661
1,708,129781
1,709,129846
1,709,129952
1,710,130101
1,710,130151
1,711,130362
1,712,130456
1,714,130816
1,714,130883
1,715,130914
1,715,130921
1,716,131111
1,716,131126
1,716,131138
1,716,131200
1,716,131217
1,716,131234
1,718,131618
1,718,131672
1,719,131746
1,720,131940
1,720,131945
1,721,132021
1,721,132023
1,721,132051
1,721,132124
1,722,132205
1,722,132224
1,722,132240
1,722,132306
1,722,132369
1,722,132371
1,722,132381
1,725,132806
1,725,132846
1,725,132955
1,727,133212
1,728,133382
1,728,133441
1,729,133526
1,729,133544
1,730,133709
1,730,133731
1,730,133759
1,730,133758
1,730,133782
1,731,133905
1,731,133903
1,731,133950
1,731,134054
1,732,134179
1,733,134243
1,733,134328
1,734,134586
1,734,134589
1,735,134638
1,735,134658
1,739,135331
1,739,135363
1,739,135428
1,739,135433
1,740,135507
1,740,135539
1,740,135601
1,740,135636
1,741,135701
1,741,135808
1,741,135834
1,742,135970
1,742,135984
1,742,135987
1,742,135977
1,743,136121
1,743,136111
1,743,136127
1,743,136122
1,743,136202
1,743,136238
1,744,136344
1,751,137578
1,751,137599
1,752,137829
1,752,137863
1,753,137934
1,754,138177
1,754,138203
1,754,138290
1,755,138459
1,757,138698
1,757,138711
1,757,138708
1,757,138746
1,757,138798
1,758,138848
1,759,139076
1,770,141065
1,770,141092
1,771,141336
1,772,141583
1,773,141613
1,773,141687
1,773,141719
1,773,141735
1,773,141744
1,773,141740
1,774,141822
1,781,143196
1,782,143297
1,782,143341
1,782,143357
1,782,143400
1,783,143494
1,784,143618
1,784,143669
1,784,143659
1,784,143773
1,784,143800
1,785,143812
1,785,143829
1,787,144202
1,788,144346
1,789,144576
1,789,144617
1,789,144656
1,767,140522
1,767,140660
1,767,140697
1,1002,183653
1,1004,183903
1,1005,184178
1,1005,184180
1,1005,184233
1,1005,184282
1,1006,184304
1,1006,184321
1,1006,184478
1,1007,184574
1,1007,184591
1,1007,184627
1,1008,184761
1,1009,184825
1,1009,184827
1,1010,185017
1,1010,185171
1,1011,185255
1,1011,185264
1,1011,185276
1,1011,185290
1,1011,185299
1,1011,185286
1,1012,185457
1,1012,185543
1,1012,185570
1,1013,185662
1,1013,185670
1,1013,185748
1,1014,185814
1,1014,185808
1,1015,185920
1,1015,185985
1,1016,186201
1,1016,186255
1,1016,186280
1,1051,192589
1,1051,192605
1,1051,192614
1,1051,192646
1,1051,192684
1,1052,192896
1,1054,193206
1,1054,193287
1,1055,193324
1,1055,193352
1,1055,193467
1,1056,193561
1,1075,197021
1,1075,197045
1,1076,197110
1,1076,197120
1,1076,197158
1,1077,197312
1,1077,197327
1,1077,197440
1,1078,197590
1,1079,197761
1,1079,197769
1,1079,197883
1,1079,197884
1,1080,197999
1,1081,198053
1,1081,198051
1,1081,198103
1,1081,198159
1,1081,198175
1,1083,198461
1,1083,198510
1,1083,198554
1,1083,198588
1,1084,198661
1,1084,198743
1,1084,198754
1,1084,198766
1,1085,198990
1,1086,199017
1,1086,199057
1,1086,199049
1,1087,199235
1,1088,199468
1,1089,199546
1,1089,199577
1,1089,199585
1,1090,199769
1,1090,199791
1,1091,199911
1,1091,200052
1,1017,186495
1,1018,186558
1,1018,186675
1,1019,186733
1,1020,186956
1,1020,186997
1,1126,206313
1,1127,206553
1,1127,206664
1,1128,206710
1,1147,210107
1,1152,211165
1,1152,211161
1,1171,214565
1,1171,214579
1,1171,214587
1,1171,214596
1,1171,214657
1,1172,214733
1,1172,214768
1,1173,215064
1,1173,215086
1,1175,215309
1,1175,215409
1,1175,215405
1,1176,215512
1,1176,215547
1,1201,220111
1,1201,220115
1,1201,220195
1,1202,220223
1,1202,220222
1,1202,220207
1,1202,220298
1,1202,220340
1,1202,220384
1,1203,220462
1,1203,220527
1,1203,220524
1,1203,220532
1,1203,220562
1,1203,220556
1,1203,220552
1,1204,220744
1,1204,220800
1,1206,221018
1,1231,225543
1,1231,225649
1,1231,225652
1,1232,225787
1,1232,225791
1,1232,225816
1,1232,225892
1,1233,226002
1,1233,226028
1,1233,226046
1,1233,226038
1,1234,226190
1,1234,226226
1,1234,226279
1,1234,226295
1,1235,226345
1,1235,226357
1,1235,226413
1,1243,227735
1,1243,227871
1,1244,227922
1,1244,228087
1,1245,228204
1,1245,228278
1,1246,228335
1,1246,228425
1,1247,228674
1,1247,228688
1,1248,228777
1,1248,228790
1,1291,236547
1,1291,236555
1,1292,236701
1,1292,236725
1,1292,236769
1,1292,236783
1,1293,236994
1,1294,237120
1,1295,237358
1,1295,237474
1,1296,237508
1,1296,237530
1,1296,237534
1,1296,237595
1,1407,257814
1,1407,257927
1,1021,187051
1,1021,187111
1,1021,187145
1,1040,190530
1,1041,190878
1,1043,191165
1,1043,191171
1,1043,191253
1,1057,193654
1,1057,193755
1,1058,193906
1,1059,194110
1,1059,194111
1,1059,194161
1,1060,194335
1,1061,194455
1,1061,194591
1,1063,194737
1,1065,195113
1,1066,195366
1,1066,195405
1,1067,195624
1,1067,195640
1,1067,195685
1,1068,195723
1,1068,195750
1,1068,195747
1,1105,202557
1,1105,202583
1,1106,202664
1,1106,202724
1,1108,203115
1,1108,203118
1,1108,203158
1,1109,203221
1,1109,203334
1,1117,204649
1,1117,204758
1,1120,205387
1,1121,205498
1,1122,205623
1,1177,215651
1,1177,215656
1,1178,215905
1,1178,215973
1,1178,215965
1,1179,216007
1,1179,216064
1,1180,216302
1,1180,216330
1,1180,216386
1,1181,216406
1,1181,216566
1,1182,216627
1,1182,216650
1,1148,210467
1,1148,210466
1,1149,210649
1,1149,210660
1,1150,210756
1,1150,210770
1,1151,210906
1,1309,239859
1,1309,239987
1,1310,240057
1,1310,240063
1,1310,240075
1,1310,240099
1,1310,240182
1,1311,240322
1,1311,240353
1,1312,240556
1,1313,240606
1,1313,240608
1,1313,240758
1,1314,240806
1,1314,240865
1,1321,242041
1,1321,242047
1,1321,242097
1,1321,242133
1,1321,242151
1,1322,242298
1,1322,242388
1,1322,242395
1,1323,242468
1,1323,242518
1,1323,242559
1,1324,242603
1,1324,242704
1,1325,242994
1,1327,243132
1,1327,243164
1,1327,243202
1,1327,243240
1,1327,243270
1,1327,243291
1,1328,243471
1,1328,243497
1,1329,243532
1,1329,243544
1,1329,243617
1,1329,243668
1,1331,244005
1,1332,244176
1,1332,244190
1,1333,244248
1,1333,244330
1,1333,244363
1,1335,244612
1,1336,244981
1,1357,248623
1,1357,248644
1,1357,248753
1,1358,248806
1,1358,248881
1,1358,248997
1,1359,249008
1,1359,249043
1,1359,249056
1,1359,249076
1,1359,249059
1,1360,249285
1,1360,249381
1,1361,249411
1,1361,249416
1,1361,249458
1,1361,249471
1,1361,249545
1,1375,251928
1,1375,252020
1,1411,258508
1,1411,258529
1,1411,258543
1,1411,258600
1,1411,258619
1,1412,258866
1,1413,258956
1,1413,259020
1,1413,259025
1,1413,259094
1,1270,232719
1,1270,232740
1,1270,232760
1,1270,232782
1,1270,232792
1,1270,232826
1,1271,232912
1,1271,232958
1,1271,232991
1,1271,233029
1,1271,233062
1,1271,233094
1,1272,233145
1,1272,233185
1,1372,251436
1,1372,251498
1,1372,251534
1,1372,251535
1,1373,251607
1,1373,251666
1,1373,251781
1,1374,251817
1,1374,251862
1,1399,256302
1,1399,256423
1,1400,256533
1,1400,256611
1,1400,256607
1,1400,256620
1,1400,256647
1,1400,256694
1,1453,266267
1,1453,266359
1,1454,266421
1,1455,266628
1,1456,266884
1,1456,266991
1,1457,267154
1,1483,271821
1,1484,271967
1,1485,272270
1,1486,272315
1,1486,272346
1,1486,272365
1,1487,272507
1,1487,272558
1,1487,272603
1,1487,272649
1,1487,272664
1,1488,272711
1,1488,272789
1,1488,272797
1,1525,279407
1,1525,279525
1,1525,279560
1,1525,279577
1,1526,279721
1,1526,279770
1,1527,279863
1,1528,280044
1,1528,280094
1,1528,280109
1,1529,280207
1,1530,280403
1,1530,280418
1,1530,280450
1,1543,282701
1,1543,282791
1,1545,283185
1,1545,283211
1,1545,283227
1,1545,283277
1,1546,283487
1,1547,283521
1,1547,283694
1,1548,283716
1,1548,283764
1,1579,289357
1,2474,453505
1,2474,453484
1,2474,453563
1,2475,453619
1,2475,453622
1,2475,453634
1,2476,453827
1,2477,454008
1,2477,454126
1,2478,454299
1,2509,459985
1,2510,460015
1,2510,460050
1,2510,460069
1,2510,460121
1,2510,460158
1,2510,460185
1,2511,460232
1,2511,460346
1,2512,460569
1,2513,460740
1,2641,484024
1,2641,484041
1,2641,484166
1,2642,484233
1,2643,484420
1,2643,484549
1,2644,484632
1,2645,484805
1,2645,484978
1,2665,488418
1,2665,488473
1,2665,488483
1,2666,488609
1,2666,488667
1,2667,488860
1,2668,489127
1,2671,489511
1,2671,489633
1,2671,489691
1,2672,489786
1,2672,489832
1,2673,489902
1,2673,489918
1,2673,490024
1,2673,490070
1,2673,490058
1,2673,490049
1,2673,490100
1,2674,490122
1,2674,490299
1,2675,490321
1,2675,490469
1,2676,490509
1,2708,496381
1,2708,496418
1,2708,496473
1,2709,496614
1,2711,496910
1,2711,496985
1,2711,497032
1,2712,497164
1,127,23171
1,1576,288955
1,1577,289007
1,1577,289032
1,1578,289232
1,1578,289241
1,1597,292601
1,1597,292633
1,1597,292796
1,1598,292840
1,1598,292907
1,1598,292925
1,1599,293064
1,1600,293287
1,1600,293351
1,1601,293465
1,1602,293681
1,1622,297327
1,1622,297370
1,1623,297410
1,1623,297459
1,1624,297750
1,1624,297792
1,1625,297806
1,1625,297965
1,1663,304701
1,1663,304753
1,1663,304758
1,1663,304774
1,1664,305010
1,1664,305014
1,1664,305048
1,1665,305177
1,1665,305286
1,1666,305314
1,1666,305319
1,1666,305367
1,1667,305569
1,1667,305575
1,1667,305621
1,1667,305630
1,1699,311309
1,1699,311438
1,1700,311694
1,1703,312150
1,1704,312310
1,1753,321321
1,1753,321349
1,1753,321399
1,1754,321520
1,1756,321913
1,1756,321928
1,1757,322097
1,1757,322115
1,1757,322176
1,1759,322307
1,1759,322400
1,1759,322414
1,1759,322432
1,1760,322562
1,1760,322581
1,1760,322653
1,1760,322650
1,1761,322712
1,1761,322722
1,1761,322774
1,1761,322787
1,1761,322790
1,1762,323033
1,1762,323036
1,1762,323046
1,1763,323266
1,1764,323326
1,1764,323370
1,2165,396867
1,2165,396964
1,1580,289554
1,1580,289606
1,1580,289658
1,1580,289662
1,1580,289696
1,1581,289815
1,1581,289900
1,1583,290235
1,1297,237627
1,1297,237635
1,1297,237754
1,1298,237805
1,1298,237829
1,1298,237929
1,1298,237950
1,1299,238032
1,1299,238046
1,1299,238195
1,1300,238386
1,1300,238397
1,1301,238434
1,1301,238577
1,1303,238712
1,1303,238730
1,1303,238765
1,1303,238784
1,1303,238800
1,1303,238830
1,1303,238836
1,1303,238899
1,1304,238927
1,1305,239207
1,1305,239281
1,1306,239321
1,1306,239444
1,1306,239493
1,1307,239615
1,1308,239783
1,1308,239778
1,1345,246514
1,1345,246509
1,1345,246578
1,1346,246768
1,1347,246951
1,1348,247045
1,1348,247179
1,1349,247230
1,1349,247398
1,1350,247458
1,1350,247493
1,1351,247604
1,1351,247673
1,1352,247806
1,1352,247849
1,1352,247899
1,1353,247973
1,1354,248250
1,1354,248275
1,1355,248368
1,1355,248395
1,1355,248417
1,1356,248524
1,2095,383976
1,2095,383973
1,2095,384064
1,2096,384112
1,2096,384235
1,2097,384310
1,2097,384362
1,2097,384470
1,2098,384531
1,2098,384636
1,2099,384806
1,2100,384919
1,1693,310336
1,1693,310388
1,1693,310390
1,1694,310429
1,1694,310479
1,1694,310494
1,1694,310505
1,1694,310530
1,1694,310577
1,1695,310606
1,1695,310769
1,1695,310784
1,1795,328928
1,1795,329006
1,1796,329135
1,1797,329427
1,1797,329438
1,1797,329448
1,1797,329472
1,1798,329632
1,1798,329653
1,1799,329757
1,1800,329909
1,1376,252136
1,1376,252170
1,1376,252240
1,1376,252247
1,1377,252306
1,1377,252334
1,1377,252387
1,1377,252399
1,1378,252557
1,1378,252648
1,1378,252653
1,1378,252694
1,1378,252690
1,1379,252705
1,1379,252740
1,1379,252776
1,1402,257073
1,1403,257129
1,1403,257190
1,1403,257219
1,1403,257250
1,1404,257371
1,1404,257376
1,2380,436271
1,2380,436347
1,2381,436443
1,2381,436452
1,2381,436455
1,2382,436698
1,2455,449947
1,2455,450025
1,2456,450148
1,2456,450222
1,2457,450363
1,2457,450495
1,2458,450512
1,2458,450574
1,2458,450615
1,2458,450659
1,2458,450700
1,2459,450744
1,2459,450756
1,2459,450868
1,2460,450974
1,2569,470822
1,2569,470813
1,2569,470887
1,2569,470977
1,2570,471028
1,2570,471092
1,2571,471337
1,2572,471515
1,2573,471655
1,2573,471658
1,2607,477865
1,2608,478027
1,2609,478251
1,2609,478298
1,2609,478352
1,2610,478455
1,2659,487381
1,2660,487523
1,2661,487716
1,2661,487742
1,2661,487748
1,2661,487783
1,2661,487877
1,2661,487870
1,2661,487888
1,2662,487901
1,2662,487955
1,2662,487986
1,2662,488044
1,2663,488159
1,2684,491932
1,2684,492052
1,2685,492153
1,2686,492390
1,2686,492470
1,2687,492698
1,2688,492769
1,1511,276946
1,1511,276962
1,1511,276988
1,1708,313016
1,1708,313070
1,1708,313124
1,1708,313154
1,1709,313216
1,1709,313309
1,1710,313492
1,1741,319138
1,1742,319252
1,1742,319278
1,1742,319311
1,1742,319347
1,1742,319375
1,1742,319380
1,1743,319408
1,1743,319422
1,1743,319434
1,1743,319455
1,1743,319504
1,1743,319578
1,1744,319703
1,1744,319764
1,1744,319788
1,1744,319796
1,1745,319845
1,1745,319889
1,1746,320086
1,1746,320080
1,1789,327822
1,1789,327816
1,1789,327928
1,1792,328472
1,1792,328505
1,1793,328676
1,1793,328747
1,1808,331399
1,1808,331489
1,1809,331531
1,1809,331620
1,1809,331629
1,1811,331943
1,1811,332087
1,1813,332278
1,1813,332379
1,1813,332374
1,1814,332425
1,1814,332470
1,1814,332518
1,1814,332563
1,1814,332558
1,1815,332605
1,1815,332677
1,1815,332720
1,1815,332787
1,1817,333193
1,1818,333241
1,1818,333266
1,1843,337789
1,1844,338091
1,1845,338149
1,1845,338204
1,1845,338229
1,1845,338244
1,1846,338329
1,1846,338336
1,1847,338516
1,1847,338594
1,1848,338709
1,1848,338775
1,1848,338760
1,1848,338771
1,1848,338746
1,1855,339997
1,1856,340212
1,1856,340249
1,1856,340266
1,1857,340359
1,1858,340504
1,1858,340506
1,1859,340768
1,1696,310810
1,1696,310960
1,1697,311023
1,1697,311080
1,1861,341071
1,1861,341103
1,1861,341112
1,1862,341277
1,1862,341297
1,1863,341565
1,1864,341728
1,1865,341883
1,1865,341939
1,1865,341962
1,1865,341972
1,1866,342033
1,1891,346607
1,1891,346629
1,1892,346729
1,1892,346746
1,1892,346747
1,1892,346782
1,1892,346780
1,1892,346853
1,1894,347124
1,1894,347166
1,1894,347213
1,1894,347242
1,1894,347254
1,1894,347277
1,1896,347506
1,1909,349895
1,1910,350143
1,1911,350284
1,1911,350354
1,1911,350366
1,39,7009
1,39,7198
1,109,19834
1,109,19828
1,109,19850
1,109,19983
1,109,19992
1,111,20201
1,111,20301
1,111,20331
1,111,20397
1,113,20692
1,113,20717
1,115,20965
1,115,20978
1,115,20983
1,116,21113
1,117,21347
1,117,21417
1,117,21442
1,117,21454
1,117,21475
1,118,21519
1,119,21735
1,119,21734
1,119,21760
1,119,21861
1,120,21986
1,120,21984
1,121,22073
1,121,22196
1,122,22327
1,122,22356
1,123,22474
1,123,22534
1,123,22593
1,124,22615
1,124,22644
1,124,22712
1,124,22710
1,124,22711
1,125,22834
1,125,22850
1,128,23342
1,129,23576
1,129,23603
1,130,23720
1,130,23781
1,130,23815
1,130,23852
1,131,23909
1,131,23944
1,131,24003
1,131,24020
1,131,24066
1,131,24100
1,132,24118
1,132,24165
1,134,24490
1,135,24746
1,135,24747
1,135,24782
1,136,24845
1,136,24860
1,136,24892
1,136,24972
1,136,24994
1,137,25062
1,137,25189
1,138,25266
1,139,25351
1,139,25374
1,139,25431
1,139,25450
1,139,25448
1,139,25468
1,140,25552
1,140,25635
1,140,25664
1,141,25752
1,143,26139
1,143,26249
1,143,26282
1,144,26326
1,145,26447
1,145,26472
1,145,26535
1,147,26868
1,147,26907
1,193,35283
1,193,35322
1,193,35357
1,194,35427
1,194,35430
1,194,35514
1,194,35531
1,194,35537
1,194,35524
1,194,35554
1,194,35563
1,195,35651
1,195,35710
1,195,35722
1,196,35834
1,197,36010
1,197,36100
1,198,36212
1,198,36239
1,198,36251
1,198,36273
1,198,36281
1,235,43002
1,235,43094
1,236,43124
1,236,43228
1,236,43297
1,237,43439
1,238,43506
1,238,43542
1,238,43561
1,238,43666
1,238,43693
1,239,43769
1,239,43789
1,239,43788
1,239,43892
1,240,43934
1,240,43963
1,240,43998
1,241,44054
1,241,44080
1,241,44096
1,241,44107
1,241,44122
1,241,44178
1,242,44225
1,242,44329
1,242,44338
1,242,44393
1,243,44577
1,244,44724
1,245,44834
1,245,44840
1,245,44921
1,246,45024
1,247,45128
1,248,45371
1,248,45377
1,248,45468
1,249,45641
1,250,45752
1,250,45794
1,250,45795
1,250,45819
1,251,45902
1,251,46015
1,251,46054
1,251,46095
1,252,46117
1,253,46224
1,253,46248
1,254,46461
1,254,46589
1,256,46858
1,256,46867
1,256,46958
1,257,47110
1,258,47207
1,259,47401
1,259,47432
1,259,47460
1,259,47497
1,260,47573
1,260,47627
1,260,47686
1,260,47690
1,261,47769
1,261,47801
1,261,47810
1,261,47826
1,261,47875
1,261,47895
1,262,47958
1,262,48084
1,263,48282
1,264,48379
1,265,48454
1,265,48548
1,266,48637
1,266,48696
1,266,48706
1,267,48999
1,790,144800
1,790,144815
1,790,144807
1,790,144887
1,790,144898
1,791,144921
1,791,144981
1,791,145036
1,792,145137
1,817,149642
1,817,149658
1,817,149678
1,817,149795
1,818,149857
1,818,149870
1,818,149912
1,818,149915
1,818,149940
1,818,149958
1,819,150025
1,819,150118
1,820,150368
1,821,150448
1,821,150567
1,822,150619
1,822,150640
1,822,150699
1,824,150964
1,824,151020
1,824,151033
1,824,151066
1,824,151067
1,824,151083
1,824,151084
1,825,151217
1,825,151241
1,825,151297
1,826,151325
1,826,151394
1,826,151386
1,826,151440
1,827,151502
1,827,151542
1,827,151677
1,828,151711
1,829,151882
1,829,151948
1,830,152141
1,832,152424
1,832,152434
1,832,152476
1,833,152667
1,833,152792
1,834,152866
1,859,157390
1,859,157415
1,859,157429
1,859,157464
1,859,157453
1,860,157558
1,860,157614
1,860,157635
1,860,157674
1,861,157764
1,861,157806
1,861,157809
1,861,157844
1,861,157862
1,862,157918
1,862,157996
1,862,158026
1,863,158148
1,863,158157
1,863,158196
1,863,158202
1,863,158256
1,883,161731
1,883,161735
1,883,161737
1,884,161956
1,884,161979
1,884,162062
1,884,162067
1,885,162124
1,885,162278
1,886,162338
1,886,162380
1,886,162401
1,887,162518
1,887,162546
1,887,162616
1,889,162810
1,889,162814
1,889,162910
1,890,163001
1,890,163039
1,890,163086
1,890,163154
1,890,163198
1,891,163342
1,891,163378
1,891,163380
1,893,163636
1,894,163826
1,894,163891
1,2260,414204
1,2260,414369
1,2261,414416
1,2261,414431
1,2261,414440
1,2261,414446
1,2261,414502
1,2261,414509
1,2261,414539
1,2261,414581
1,2262,414690
1,2323,425711
1,2323,425772
1,2323,425802
1,2324,425966
1,2324,425962
1,2324,425979
1,2324,425969
1,2325,426179
1,2325,426214
1,2325,426235
1,2326,426328
1,2326,426357
1,2326,426455
1,2326,426481
1,2327,426591
1,2327,426639
1,2327,426686
1,2327,426698
1,2335,427917
1,2335,427988
1,2335,428084
1,2336,428102
1,2336,428155
1,2336,428178
1,2336,428249
1,2337,428326
1,2337,428367
1,2337,428350
1,2337,428384
1,2337,428429
1,2337,428484
1,2338,428674
1,2339,428801
1,2341,429060
1,2342,429287
1,2343,429454
1,2343,429590
1,2343,429593
1,2344,429669
1,2344,429711
1,2345,429851
1,2345,429976
1,2346,430046
1,2354,431560
1,2355,431625
1,2355,431696
1,2356,431951
1,2357,432004
1,2357,432077
1,2357,432092
1,2357,432103
1,2357,432143
1,2357,432195
1,2359,432302
1,2359,432427
1,2359,432412
1,2359,432435
1,2360,432533
1,2360,432548
1,2360,432621
1,2360,432632
1,2360,432662
1,2361,432702
1,2361,432708
1,2361,432852
1,2361,432881
1,2362,433015
1,2363,433128
1,2363,433141
1,2363,433160
1,2363,433241
1,2363,433300
1,2413,442214
1,2413,442379
1,2414,442408
1,2414,442402
1,2414,442476
1,2414,442498
1,2414,442547
1,2414,442575
1,2415,442650
1,2416,442824
1,2417,443027
1,2417,443066
1,2417,443195
1,2418,443254
1,2315,424310
1,2316,424555
1,2629,481814
1,2629,481943
1,2630,482002
1,2630,482146
1,2631,482250
1,2631,482343
1,2631,482382
1,2631,482399
1,2632,482495
1,2632,482502
1,2633,482651
1,2633,482758
1,2634,482861
1,2719,498441
1,2719,498463
1,2719,498460
1,2719,498477
1,2723,499177
1,2723,499222
1,913,167235
1,913,167350
1,914,167553
1,914,167597
1,915,167646
1,915,167719
1,916,167881
1,917,168074
1,917,168083
1,1129,206829
1,1129,206847
1,1129,206859
1,1129,206861
1,1129,206914
1,1129,206932
1,1129,206965
1,1129,206967
1,1129,206992
1,1130,207003
1,1130,207030
1,1130,207065
1,1130,207068
1,1130,207100
1,1131,207206
1,1131,207297
1,1131,207354
1,1131,207368
1,1131,207391
1,1132,207424
1,1133,207609
1,1133,207680
1,1477,270639
1,1477,270753
1,1478,270862
1,1479,271041
1,1479,271172
1,1480,271209
1,1480,271231
1,1480,271387
1,1481,271495
1,1481,271503
1,1481,271534
1,1481,271543
1,1482,271700
1,1495,273978
1,1495,274050
1,1496,274106
1,1496,274152
1,1496,274177
1,1496,274199
1,1496,274206
1,1496,274265
1,1496,274285
1,1496,274298
1,1497,274324
1,1497,274330
1,1497,274379
1,1498,274525
1,1500,274955
1,1933,354346
1,1933,354376
1,1934,354404
1,1935,354631
1,1936,354808
1,1937,355114
1,255,46652
1,255,46789
1,1045,191475
1,1046,191634
1,1046,191629
1,1046,191682
1,1046,191720
1,1047,191810
1,1047,191820
1,1047,191967
1,1047,191989
1,1048,192060
1,1048,192081
1,1049,192277
1,1049,192313
1,1049,192352
1,1050,192431
1,2704,495641
1,2704,495664
1,2704,495793
1,2705,495917
1,2705,495948
1,2706,496026
1,2706,496062
1,1775,325320
1,1775,325421
1,1775,325440
1,1879,344352
1,1879,344362
1,1880,344652
1,1880,344654
1,1881,344887
1,1882,345012
1,1883,345244
1,1883,345235
1,1885,345517
1,1885,345550
1,1885,345566
1,1885,345598
1,1886,345757
1,1887,345802
1,1887,345830
1,1887,345891
1,1887,345959
1,1887,345969
1,1888,346118
1,1889,346278
1,1889,346385
1,1890,346452
1,1890,346455
1,1945,356408
1,1946,356633
1,1946,356789
1,1947,356805
1,1947,356907
1,1947,356939
1,1948,357021
1,1948,357035
1,1948,357039
1,1948,357193
1,1948,357187
1,1949,357231
1,1949,357250
1,1949,357264
1,1949,357314
1,1949,357371
1,1949,357384
1,1949,357391
1,1949,357388
1,1950,357452
1,1951,357547
1,1951,357586
1,1952,357843
1,1952,357870
1,1952,357882
1,1953,358000
1,1953,358007
1,1953,358077
1,1954,358176
1,1954,358226
1,1955,358315
1,1955,358379
1,1955,358386
1,1955,358460
1,1956,358506
1,2515,461042
1,2515,461090
1,2516,461182
1,2516,461228
1,2517,461355
1,2517,461479
1,2519,461745
1,2519,461776
1,2519,461794
1,2519,461804
1,2519,461881
1,2713,497210
1,2713,497215
1,2713,497219
1,2713,497300
1,2713,497305
1,2713,497348
1,2713,497356
1,2716,497822
1,2716,497899
1,2716,497965
1,2716,497981
1,2717,498014
1,2717,498161
1,2718,498278
1,2432,445729
1,2432,445779
1,2432,445866
1,2432,445893
1,2433,445916
1,2433,445948
1,2433,446085
1,2434,446193
1,2434,446255
1,2434,446283
1,403,73880
1,404,73907
1,404,73970
1,404,74001
1,404,74017
1,405,74271
1,406,74336
1,406,74443
1,407,74609
1,1465,268417
1,1465,268491
1,1465,268585
1,1466,268640
1,1466,268693
1,1466,268705
1,1466,268796
1,1468,269013
1,1468,269037
1,1468,269069
1,1468,269117
1,1468,269165
1,1469,269230
